# fe1_exp_083_209_photoneut_1995Bel.dat                  
#
# Z = 83, A =209
# No. of entries:  185
# Col 1: photon energy E in MeV
# Col 2: bin width dE in MeV
# Col 3: dipole strength f1 in MeV^-3
# Col 4: uncertainty df1 in MeV^-3
# Format: 2f10.3, 2e13.3
# Author:  1995Bel                                                                                                                                               
#    E         dE       f1           df1
     7.608     0.000    0.409E-06    0.251E-07
     7.708     0.000    0.432E-06    0.270E-07
     7.808     0.000    0.418E-06    0.289E-07
     7.907     0.000    0.394E-06    0.307E-07
     8.007     0.000    0.378E-06    0.325E-07
     8.107     0.000    0.376E-06    0.342E-07
     8.207     0.000    0.378E-06    0.349E-07
     8.307     0.000    0.379E-06    0.355E-07
     8.407     0.000    0.376E-06    0.361E-07
     8.507     0.000    0.368E-06    0.377E-07
     8.606     0.000    0.364E-06    0.383E-07
     8.706     0.000    0.370E-06    0.389E-07
     8.806     0.000    0.388E-06    0.394E-07
     8.906     0.000    0.423E-06    0.399E-07
     9.006     0.000    0.475E-06    0.405E-07
     9.106     0.000    0.544E-06    0.400E-07
     9.206     0.000    0.622E-06    0.405E-07
     9.305     0.000    0.701E-06    0.410E-07
     9.405     0.000    0.774E-06    0.415E-07
     9.505     0.000    0.837E-06    0.420E-07
     9.605     0.000    0.889E-06    0.415E-07
     9.705     0.000    0.929E-06    0.420E-07
     9.805     0.000    0.964E-06    0.425E-07
     9.905     0.000    0.981E-06    0.429E-07
    10.004     0.000    0.980E-06    0.434E-07
    10.104     0.000    0.987E-06    0.438E-07
    10.204     0.000    0.986E-06    0.434E-07
    10.304     0.000    0.993E-06    0.438E-07
    10.404     0.000    0.103E-05    0.434E-07
    10.504     0.000    0.108E-05    0.446E-07
    10.604     0.000    0.116E-05    0.450E-07
    10.703     0.000    0.127E-05    0.462E-07
    10.803     0.000    0.140E-05    0.466E-07
    10.903     0.000    0.154E-05    0.461E-07
    11.003     0.000    0.168E-05    0.465E-07
    11.103     0.000    0.181E-05    0.469E-07
    11.203     0.000    0.193E-05    0.465E-07
    11.303     0.000    0.203E-05    0.468E-07
    11.403     0.000    0.212E-05    0.472E-07
    11.502     0.000    0.220E-05    0.475E-07
    11.602     0.000    0.227E-05    0.478E-07
    11.702     0.000    0.231E-05    0.482E-07
    11.802     0.000    0.235E-05    0.485E-07
    11.902     0.000    0.240E-05    0.481E-07
    12.002     0.000    0.244E-05    0.484E-07
    12.102     0.000    0.249E-05    0.480E-07
    12.201     0.000    0.255E-05    0.476E-07
    12.301     0.000    0.262E-05    0.472E-07
    12.401     0.000    0.269E-05    0.469E-07
    12.501     0.000    0.278E-05    0.472E-07
    12.601     0.000    0.286E-05    0.468E-07
    12.701     0.000    0.296E-05    0.471E-07
    12.801     0.000    0.305E-05    0.474E-07
    12.900     0.000    0.314E-05    0.477E-07
    13.000     0.000    0.322E-05    0.474E-07
    13.100     0.000    0.330E-05    0.477E-07
    13.200     0.000    0.336E-05    0.480E-07
    13.300     0.000    0.341E-05    0.483E-07
    13.400     0.000    0.344E-05    0.485E-07
    13.500     0.000    0.344E-05    0.482E-07
    13.599     0.000    0.341E-05    0.485E-07
    13.699     0.000    0.337E-05    0.481E-07
    13.799     0.000    0.329E-05    0.478E-07
    13.899     0.000    0.321E-05    0.481E-07
    13.999     0.000    0.310E-05    0.477E-07
    14.099     0.000    0.299E-05    0.480E-07
    14.199     0.000    0.286E-05    0.483E-07
    14.298     0.000    0.274E-05    0.479E-07
    14.398     0.000    0.261E-05    0.476E-07
    14.498     0.000    0.248E-05    0.473E-07
    14.598     0.000    0.233E-05    0.469E-07
    14.698     0.000    0.218E-05    0.466E-07
    14.798     0.000    0.205E-05    0.463E-07
    14.898     0.000    0.191E-05    0.460E-07
    14.997     0.000    0.178E-05    0.457E-07
    15.097     0.000    0.166E-05    0.454E-07
    15.197     0.000    0.155E-05    0.451E-07
    15.297     0.000    0.145E-05    0.448E-07
    15.397     0.000    0.136E-05    0.445E-07
    15.497     0.000    0.128E-05    0.442E-07
    15.597     0.000    0.120E-05    0.439E-07
    15.696     0.000    0.113E-05    0.442E-07
    15.796     0.000    0.107E-05    0.439E-07
    15.896     0.000    0.101E-05    0.437E-07
    15.996     0.000    0.954E-06    0.428E-07
    16.096     0.000    0.900E-06    0.426E-07
    16.196     0.000    0.846E-06    0.423E-07
    16.296     0.000    0.798E-06    0.420E-07
    16.396     0.000    0.756E-06    0.418E-07
    16.495     0.000    0.715E-06    0.415E-07
    16.595     0.000    0.679E-06    0.418E-07
    16.695     0.000    0.649E-06    0.416E-07
    16.795     0.000    0.620E-06    0.408E-07
    16.895     0.000    0.596E-06    0.406E-07
    16.995     0.000    0.577E-06    0.398E-07
    17.095     0.000    0.558E-06    0.391E-07
    17.194     0.000    0.540E-06    0.388E-07
    17.294     0.000    0.522E-06    0.386E-07
    17.394     0.000    0.499E-06    0.384E-07
    17.494     0.000    0.474E-06    0.387E-07
    17.594     0.000    0.449E-06    0.385E-07
    17.694     0.000    0.424E-06    0.377E-07
    17.794     0.000    0.399E-06    0.375E-07
    17.893     0.000    0.377E-06    0.368E-07
    17.993     0.000    0.356E-06    0.366E-07
    18.093     0.000    0.338E-06    0.364E-07
    18.193     0.000    0.323E-06    0.362E-07
    18.293     0.000    0.310E-06    0.365E-07
    18.393     0.000    0.299E-06    0.363E-07
    18.493     0.000    0.290E-06    0.361E-07
    18.592     0.000    0.282E-06    0.355E-07
    18.692     0.000    0.277E-06    0.353E-07
    18.792     0.000    0.272E-06    0.351E-07
    18.892     0.000    0.270E-06    0.349E-07
    18.992     0.000    0.267E-06    0.347E-07
    19.092     0.000    0.263E-06    0.345E-07
    19.192     0.000    0.259E-06    0.343E-07
    19.291     0.000    0.253E-06    0.346E-07
    19.391     0.000    0.246E-06    0.344E-07
    19.491     0.000    0.239E-06    0.343E-07
    19.591     0.000    0.232E-06    0.341E-07
    19.691     0.000    0.226E-06    0.339E-07
    19.791     0.000    0.220E-06    0.342E-07
    19.891     0.000    0.216E-06    0.340E-07
    19.990     0.000    0.211E-06    0.338E-07
    20.090     0.000    0.205E-06    0.337E-07
    20.190     0.000    0.198E-06    0.335E-07
    20.290     0.000    0.189E-06    0.338E-07
    20.390     0.000    0.180E-06    0.336E-07
    20.490     0.000    0.171E-06    0.339E-07
    20.590     0.000    0.163E-06    0.341E-07
    20.690     0.000    0.156E-06    0.344E-07
    20.789     0.000    0.149E-06    0.342E-07
    20.889     0.000    0.144E-06    0.345E-07
    20.989     0.000    0.142E-06    0.343E-07
    21.089     0.000    0.141E-06    0.345E-07
    21.189     0.000    0.144E-06    0.344E-07
    21.289     0.000    0.149E-06    0.346E-07
    21.389     0.000    0.157E-06    0.345E-07
    21.488     0.000    0.165E-06    0.343E-07
    21.588     0.000    0.176E-06    0.346E-07
    21.688     0.000    0.186E-06    0.344E-07
    21.788     0.000    0.196E-06    0.346E-07
    21.888     0.000    0.206E-06    0.349E-07
    21.988     0.000    0.214E-06    0.351E-07
    22.088     0.000    0.221E-06    0.353E-07
    22.187     0.000    0.227E-06    0.356E-07
    22.287     0.000    0.231E-06    0.354E-07
    22.387     0.000    0.233E-06    0.353E-07
    22.487     0.000    0.233E-06    0.351E-07
    22.587     0.000    0.230E-06    0.349E-07
    22.687     0.000    0.226E-06    0.352E-07
    22.787     0.000    0.219E-06    0.350E-07
    22.886     0.000    0.211E-06    0.349E-07
    22.986     0.000    0.202E-06    0.351E-07
    23.086     0.000    0.192E-06    0.353E-07
    23.186     0.000    0.181E-06    0.352E-07
    23.286     0.000    0.171E-06    0.354E-07
    23.386     0.000    0.162E-06    0.356E-07
    23.486     0.000    0.155E-06    0.358E-07
    23.585     0.000    0.150E-06    0.357E-07
    23.685     0.000    0.148E-06    0.355E-07
    23.785     0.000    0.148E-06    0.357E-07
    23.885     0.000    0.151E-06    0.356E-07
    23.985     0.000    0.156E-06    0.358E-07
    24.085     0.000    0.163E-06    0.357E-07
    24.185     0.000    0.173E-06    0.359E-07
    24.284     0.000    0.183E-06    0.364E-07
    24.384     0.000    0.193E-06    0.370E-07
    24.484     0.000    0.203E-06    0.376E-07
    24.584     0.000    0.213E-06    0.381E-07
    24.684     0.000    0.221E-06    0.390E-07
    24.784     0.000    0.226E-06    0.395E-07
    24.884     0.000    0.228E-06    0.397E-07
    24.983     0.000    0.227E-06    0.396E-07
    25.083     0.000    0.222E-06    0.401E-07
    25.183     0.000    0.215E-06    0.413E-07
    25.283     0.000    0.205E-06    0.446E-07
    25.383     0.000    0.193E-06    0.516E-07
    25.483     0.000    0.180E-06    0.623E-07
    25.583     0.000    0.166E-06    0.770E-07
    25.682     0.000    0.152E-06    0.956E-07
    25.782     0.000    0.137E-06    0.118E-06
    25.882     0.000    0.122E-06    0.143E-06
    25.982     0.000    0.108E-06    0.171E-06
