# fe1_exp_073_181_photoneut_1969Ish.dat                  
#
# Z = 73, A =181
# No. of entries:  166
# Col 1: photon energy E in MeV
# Col 2: bin width dE in MeV
# Col 3: dipole strength f1 in MeV^-3
# Col 4: uncertainty df1 in MeV^-3
# Format: 2f10.3, 2e13.3
# Author:   1969Ish  B.S.Ishkhanov, al.,; ZhETF Pisma v Redaktsiyu 10, 30(1969); (JETP Letters (USSR) 10, 51(1969)).                                             
#    E         dE       f1           df1
     8.375     0.000    0.394E-06    0.000E+00
     8.500     0.000    0.427E-06    0.000E+00
     8.625     0.000    0.453E-06    0.000E+00
     8.750     0.000    0.472E-06    0.000E+00
     8.875     0.000    0.486E-06    0.000E+00
     9.000     0.000    0.494E-06    0.000E+00
     9.100     0.000    0.580E-06    0.000E+00
     9.200     0.000    0.577E-06    0.000E+00
     9.300     0.000    0.615E-06    0.000E+00
     9.400     0.000    0.651E-06    0.000E+00
     9.500     0.000    0.774E-06    0.000E+00
     9.600     0.000    0.817E-06    0.000E+00
     9.700     0.000    0.867E-06    0.000E+00
     9.800     0.000    0.920E-06    0.000E+00
     9.900     0.000    0.929E-06    0.000E+00
    10.000     0.000    0.980E-06    0.000E+00
    10.125     0.000    0.111E-05    0.000E+00
    10.250     0.000    0.117E-05    0.000E+00
    10.375     0.000    0.123E-05    0.000E+00
    10.500     0.000    0.131E-05    0.000E+00
    10.625     0.000    0.144E-05    0.000E+00
    10.750     0.000    0.152E-05    0.000E+00
    10.875     0.000    0.160E-05    0.000E+00
    11.000     0.000    0.174E-05    0.000E+00
    11.100     0.000    0.184E-05    0.000E+00
    11.200     0.000    0.193E-05    0.000E+00
    11.300     0.000    0.205E-05    0.000E+00
    11.400     0.000    0.212E-05    0.000E+00
    11.500     0.000    0.219E-05    0.000E+00
    11.600     0.000    0.225E-05    0.000E+00
    11.700     0.000    0.231E-05    0.000E+00
    11.800     0.000    0.234E-05    0.000E+00
    11.900     0.000    0.241E-05    0.000E+00
    12.000     0.000    0.241E-05    0.000E+00
    12.100     0.000    0.242E-05    0.000E+00
    12.200     0.000    0.236E-05    0.000E+00
    12.300     0.000    0.234E-05    0.000E+00
    12.400     0.000    0.227E-05    0.000E+00
    12.500     0.000    0.226E-05    0.000E+00
    12.600     0.000    0.225E-05    0.000E+00
    12.700     0.000    0.221E-05    0.000E+00
    12.800     0.000    0.211E-05    0.000E+00
    12.900     0.000    0.200E-05    0.000E+00
    13.000     0.000    0.196E-05    0.000E+00
    13.100     0.000    0.190E-05    0.000E+00
    13.200     0.000    0.185E-05    0.000E+00
    13.300     0.000    0.182E-05    0.000E+00
    13.400     0.000    0.175E-05    0.000E+00
    13.500     0.000    0.170E-05    0.000E+00
    13.600     0.000    0.159E-05    0.000E+00
    13.700     0.000    0.156E-05    0.000E+00
    13.800     0.000    0.162E-05    0.000E+00
    13.900     0.000    0.170E-05    0.000E+00
    14.000     0.000    0.181E-05    0.000E+00
    14.100     0.000    0.197E-05    0.000E+00
    14.200     0.000    0.201E-05    0.000E+00
    14.300     0.000    0.209E-05    0.000E+00
    14.400     0.000    0.223E-05    0.000E+00
    14.500     0.000    0.226E-05    0.000E+00
    14.600     0.000    0.233E-05    0.000E+00
    14.700     0.000    0.232E-05    0.000E+00
    14.800     0.000    0.228E-05    0.000E+00
    14.900     0.000    0.217E-05    0.000E+00
    15.000     0.000    0.197E-05    0.000E+00
    15.100     0.000    0.208E-05    0.000E+00
    15.200     0.000    0.198E-05    0.000E+00
    15.300     0.000    0.203E-05    0.000E+00
    15.400     0.000    0.195E-05    0.000E+00
    15.500     0.000    0.191E-05    0.000E+00
    15.600     0.000    0.178E-05    0.000E+00
    15.700     0.000    0.166E-05    0.000E+00
    15.800     0.000    0.156E-05    0.000E+00
    15.900     0.000    0.146E-05    0.000E+00
    16.000     0.000    0.140E-05    0.000E+00
    16.100     0.000    0.137E-05    0.000E+00
    16.200     0.000    0.134E-05    0.000E+00
    16.300     0.000    0.128E-05    0.000E+00
    16.400     0.000    0.125E-05    0.000E+00
    16.500     0.000    0.122E-05    0.000E+00
    16.600     0.000    0.109E-05    0.000E+00
    16.700     0.000    0.976E-06    0.000E+00
    16.800     0.000    0.965E-06    0.000E+00
    16.900     0.000    0.944E-06    0.000E+00
    17.000     0.000    0.898E-06    0.000E+00
    17.100     0.000    0.847E-06    0.000E+00
    17.200     0.000    0.807E-06    0.000E+00
    17.300     0.000    0.722E-06    0.000E+00
    17.400     0.000    0.698E-06    0.000E+00
    17.500     0.000    0.679E-06    0.000E+00
    17.600     0.000    0.710E-06    0.000E+00
    17.700     0.000    0.671E-06    0.000E+00
    17.800     0.000    0.668E-06    0.000E+00
    17.900     0.000    0.640E-06    0.000E+00
    18.000     0.000    0.646E-06    0.000E+00
    18.100     0.000    0.589E-06    0.000E+00
    18.200     0.000    0.605E-06    0.000E+00
    18.300     0.000    0.602E-06    0.000E+00
    18.400     0.000    0.599E-06    0.000E+00
    18.500     0.000    0.619E-06    0.000E+00
    18.600     0.000    0.639E-06    0.000E+00
    18.700     0.000    0.654E-06    0.000E+00
    18.800     0.000    0.627E-06    0.000E+00
    18.900     0.000    0.597E-06    0.000E+00
    19.000     0.000    0.575E-06    0.000E+00
    19.100     0.000    0.595E-06    0.000E+00
    19.200     0.000    0.610E-06    0.000E+00
    19.300     0.000    0.584E-06    0.000E+00
    19.400     0.000    0.608E-06    0.000E+00
    19.500     0.000    0.578E-06    0.000E+00
    19.600     0.000    0.460E-06    0.000E+00
    19.700     0.000    0.353E-06    0.000E+00
    19.800     0.000    0.323E-06    0.000E+00
    19.900     0.000    0.359E-06    0.000E+00
    20.000     0.000    0.388E-06    0.000E+00
    20.100     0.000    0.350E-06    0.000E+00
    20.200     0.000    0.322E-06    0.000E+00
    20.300     0.000    0.301E-06    0.000E+00
    20.400     0.000    0.230E-06    0.000E+00
    20.500     0.000    0.205E-06    0.000E+00
    20.600     0.000    0.327E-06    0.000E+00
    20.700     0.000    0.406E-06    0.000E+00
    20.800     0.000    0.450E-06    0.000E+00
    20.900     0.000    0.423E-06    0.000E+00
    21.000     0.000    0.438E-06    0.000E+00
    21.100     0.000    0.452E-06    0.000E+00
    21.200     0.000    0.450E-06    0.000E+00
    21.300     0.000    0.468E-06    0.000E+00
    21.400     0.000    0.503E-06    0.000E+00
    21.500     0.000    0.424E-06    0.000E+00
    21.600     0.000    0.388E-06    0.000E+00
    21.700     0.000    0.339E-06    0.000E+00
    21.800     0.000    0.319E-06    0.000E+00
    21.900     0.000    0.292E-06    0.000E+00
    22.000     0.000    0.306E-06    0.000E+00
    22.100     0.000    0.287E-06    0.000E+00
    22.200     0.000    0.314E-06    0.000E+00
    22.300     0.000    0.330E-06    0.000E+00
    22.400     0.000    0.304E-06    0.000E+00
    22.500     0.000    0.321E-06    0.000E+00
    22.600     0.000    0.307E-06    0.000E+00
    22.700     0.000    0.332E-06    0.000E+00
    22.800     0.000    0.357E-06    0.000E+00
    22.900     0.000    0.386E-06    0.000E+00
    23.000     0.000    0.366E-06    0.000E+00
    23.100     0.000    0.373E-06    0.000E+00
    23.200     0.000    0.323E-06    0.000E+00
    23.300     0.000    0.304E-06    0.000E+00
    23.400     0.000    0.348E-06    0.000E+00
    23.500     0.000    0.357E-06    0.000E+00
    23.600     0.000    0.312E-06    0.000E+00
    23.700     0.000    0.285E-06    0.000E+00
    23.800     0.000    0.295E-06    0.000E+00
    23.900     0.000    0.312E-06    0.000E+00
    24.000     0.000    0.306E-06    0.000E+00
    24.100     0.000    0.308E-06    0.000E+00
    24.200     0.000    0.321E-06    0.000E+00
    24.300     0.000    0.344E-06    0.000E+00
    24.400     0.000    0.333E-06    0.000E+00
    24.500     0.000    0.258E-06    0.000E+00
    24.600     0.000    0.240E-06    0.000E+00
    24.700     0.000    0.324E-06    0.000E+00
    24.800     0.000    0.367E-06    0.000E+00
    24.900     0.000    0.394E-06    0.000E+00
    25.000     0.000    0.392E-06    0.000E+00
    25.100     0.000    0.359E-06    0.000E+00
    25.200     0.000    0.358E-06    0.000E+00
