# fe1_exp_050_119_photoneut_1975Sor.dat                  
#
# Z = 50, A =119
# No. of entries:  179
# Col 1: photon energy E in MeV
# Col 2: bin width dE in MeV
# Col 3: dipole strength f1 in MeV^-3
# Col 4: uncertainty df1 in MeV^-3
# Format: 2f10.3, 2e13.3
# Author:   1975Sor  Y.I.Sorokin, B.A.Yurev; Izv.Akad.Nauk SSSR,Ser.Fiz. 39, 114(1975); (Bull.Acad.Sci.USSR, Phys.Ser. 39(1), 98(1975)).                         
#    E         dE       f1           df1
     7.400     0.000    0.281E-07    0.000E+00
     7.500     0.000    0.631E-07    0.000E+00
     7.600     0.000    0.824E-07    0.000E+00
     7.700     0.000    0.105E-06    0.000E+00
     7.800     0.000    0.141E-06    0.000E+00
     7.900     0.000    0.188E-06    0.000E+00
     8.000     0.000    0.180E-06    0.000E+00
     8.100     0.000    0.136E-06    0.000E+00
     8.200     0.000    0.697E-07    0.000E+00
     8.300     0.000    0.815E-07    0.000E+00
     8.400     0.000    0.113E-06    0.000E+00
     8.500     0.000    0.109E-06    0.000E+00
     8.600     0.000    0.135E-06    0.000E+00
     8.700     0.000    0.975E-07    0.000E+00
     8.800     0.000    0.726E-07    0.000E+00
     8.900     0.000    0.684E-07    0.000E+00
     9.000     0.000    0.521E-07    0.000E+00
     9.100     0.000    0.669E-07    0.000E+00
     9.200     0.000    0.780E-07    0.000E+00
     9.300     0.000    0.819E-07    0.000E+00
     9.400     0.000    0.112E-06    0.000E+00
     9.500     0.000    0.115E-06    0.000E+00
     9.600     0.000    0.133E-06    0.000E+00
     9.700     0.000    0.126E-06    0.000E+00
     9.800     0.000    0.147E-06    0.000E+00
     9.900     0.000    0.171E-06    0.000E+00
    10.000     0.000    0.170E-06    0.000E+00
    10.100     0.000    0.179E-06    0.000E+00
    10.200     0.000    0.196E-06    0.000E+00
    10.300     0.000    0.205E-06    0.000E+00
    10.400     0.000    0.214E-06    0.000E+00
    10.500     0.000    0.221E-06    0.000E+00
    10.600     0.000    0.189E-06    0.000E+00
    10.700     0.000    0.276E-06    0.000E+00
    10.800     0.000    0.245E-06    0.000E+00
    10.900     0.000    0.302E-06    0.000E+00
    11.000     0.000    0.308E-06    0.000E+00
    11.100     0.000    0.381E-06    0.000E+00
    11.200     0.000    0.379E-06    0.000E+00
    11.300     0.000    0.441E-06    0.000E+00
    11.400     0.000    0.430E-06    0.000E+00
    11.500     0.000    0.425E-06    0.000E+00
    11.600     0.000    0.474E-06    0.000E+00
    11.700     0.000    0.525E-06    0.000E+00
    11.800     0.000    0.520E-06    0.000E+00
    11.900     0.000    0.550E-06    0.000E+00
    12.000     0.000    0.511E-06    0.000E+00
    12.100     0.000    0.629E-06    0.000E+00
    12.200     0.000    0.570E-06    0.000E+00
    12.300     0.000    0.688E-06    0.000E+00
    12.400     0.000    0.634E-06    0.000E+00
    12.500     0.000    0.736E-06    0.000E+00
    12.600     0.000    0.771E-06    0.000E+00
    12.700     0.000    0.881E-06    0.000E+00
    12.800     0.000    0.712E-06    0.000E+00
    12.900     0.000    0.935E-06    0.000E+00
    13.000     0.000    0.894E-06    0.000E+00
    13.100     0.000    0.987E-06    0.000E+00
    13.200     0.000    0.887E-06    0.000E+00
    13.300     0.000    0.106E-05    0.000E+00
    13.400     0.000    0.103E-05    0.000E+00
    13.500     0.000    0.119E-05    0.000E+00
    13.600     0.000    0.107E-05    0.000E+00
    13.700     0.000    0.125E-05    0.000E+00
    13.800     0.000    0.123E-05    0.000E+00
    13.900     0.000    0.129E-05    0.000E+00
    14.000     0.000    0.136E-05    0.000E+00
    14.100     0.000    0.135E-05    0.000E+00
    14.200     0.000    0.131E-05    0.000E+00
    14.300     0.000    0.135E-05    0.000E+00
    14.400     0.000    0.122E-05    0.000E+00
    14.500     0.000    0.140E-05    0.000E+00
    14.600     0.000    0.136E-05    0.000E+00
    14.700     0.000    0.116E-05    0.000E+00
    14.800     0.000    0.137E-05    0.000E+00
    14.900     0.000    0.136E-05    0.000E+00
    15.000     0.000    0.142E-05    0.000E+00
    15.100     0.000    0.135E-05    0.000E+00
    15.200     0.000    0.128E-05    0.000E+00
    15.300     0.000    0.118E-05    0.000E+00
    15.400     0.000    0.115E-05    0.000E+00
    15.500     0.000    0.111E-05    0.000E+00
    15.600     0.000    0.106E-05    0.000E+00
    15.700     0.000    0.102E-05    0.000E+00
    15.800     0.000    0.988E-06    0.000E+00
    15.900     0.000    0.976E-06    0.000E+00
    16.000     0.000    0.938E-06    0.000E+00
    16.100     0.000    0.894E-06    0.000E+00
    16.200     0.000    0.862E-06    0.000E+00
    16.300     0.000    0.830E-06    0.000E+00
    16.400     0.000    0.793E-06    0.000E+00
    16.500     0.000    0.783E-06    0.000E+00
    16.600     0.000    0.737E-06    0.000E+00
    16.700     0.000    0.722E-06    0.000E+00
    16.800     0.000    0.707E-06    0.000E+00
    16.900     0.000    0.677E-06    0.000E+00
    17.000     0.000    0.648E-06    0.000E+00
    17.100     0.000    0.629E-06    0.000E+00
    17.200     0.000    0.615E-06    0.000E+00
    17.300     0.000    0.597E-06    0.000E+00
    17.400     0.000    0.578E-06    0.000E+00
    17.500     0.000    0.570E-06    0.000E+00
    17.600     0.000    0.552E-06    0.000E+00
    17.700     0.000    0.524E-06    0.000E+00
    17.800     0.000    0.517E-06    0.000E+00
    17.900     0.000    0.499E-06    0.000E+00
    18.100     0.000    0.468E-06    0.000E+00
    18.200     0.000    0.463E-06    0.000E+00
    18.300     0.000    0.444E-06    0.000E+00
    18.400     0.000    0.425E-06    0.000E+00
    18.500     0.000    0.412E-06    0.000E+00
    18.600     0.000    0.397E-06    0.000E+00
    18.700     0.000    0.384E-06    0.000E+00
    18.800     0.000    0.376E-06    0.000E+00
    18.900     0.000    0.369E-06    0.000E+00
    19.000     0.000    0.352E-06    0.000E+00
    19.100     0.000    0.332E-06    0.000E+00
    19.200     0.000    0.330E-06    0.000E+00
    19.300     0.000    0.324E-06    0.000E+00
    19.400     0.000    0.317E-06    0.000E+00
    19.500     0.000    0.313E-06    0.000E+00
    19.600     0.000    0.309E-06    0.000E+00
    19.700     0.000    0.306E-06    0.000E+00
    19.800     0.000    0.301E-06    0.000E+00
    19.900     0.000    0.298E-06    0.000E+00
    20.000     0.000    0.295E-06    0.000E+00
    20.100     0.000    0.293E-06    0.000E+00
    20.200     0.000    0.291E-06    0.000E+00
    20.300     0.000    0.291E-06    0.000E+00
    20.400     0.000    0.290E-06    0.000E+00
    20.500     0.000    0.289E-06    0.000E+00
    20.600     0.000    0.287E-06    0.000E+00
    20.700     0.000    0.286E-06    0.000E+00
    20.800     0.000    0.285E-06    0.000E+00
    20.900     0.000    0.282E-06    0.000E+00
    21.000     0.000    0.279E-06    0.000E+00
    21.100     0.000    0.270E-06    0.000E+00
    21.200     0.000    0.267E-06    0.000E+00
    21.300     0.000    0.263E-06    0.000E+00
    21.400     0.000    0.260E-06    0.000E+00
    21.500     0.000    0.256E-06    0.000E+00
    21.600     0.000    0.253E-06    0.000E+00
    21.700     0.000    0.251E-06    0.000E+00
    21.800     0.000    0.247E-06    0.000E+00
    21.900     0.000    0.242E-06    0.000E+00
    22.000     0.000    0.236E-06    0.000E+00
    22.100     0.000    0.232E-06    0.000E+00
    22.200     0.000    0.231E-06    0.000E+00
    22.300     0.000    0.228E-06    0.000E+00
    22.400     0.000    0.225E-06    0.000E+00
    22.500     0.000    0.216E-06    0.000E+00
    22.600     0.000    0.213E-06    0.000E+00
    22.700     0.000    0.207E-06    0.000E+00
    22.800     0.000    0.205E-06    0.000E+00
    22.900     0.000    0.203E-06    0.000E+00
    23.000     0.000    0.201E-06    0.000E+00
    23.100     0.000    0.198E-06    0.000E+00
    23.200     0.000    0.193E-06    0.000E+00
    23.300     0.000    0.191E-06    0.000E+00
    23.400     0.000    0.189E-06    0.000E+00
    23.500     0.000    0.188E-06    0.000E+00
    23.600     0.000    0.186E-06    0.000E+00
    23.700     0.000    0.183E-06    0.000E+00
    23.800     0.000    0.181E-06    0.000E+00
    23.900     0.000    0.177E-06    0.000E+00
    24.000     0.000    0.176E-06    0.000E+00
    24.100     0.000    0.175E-06    0.000E+00
    24.200     0.000    0.172E-06    0.000E+00
    24.300     0.000    0.172E-06    0.000E+00
    24.400     0.000    0.174E-06    0.000E+00
    24.500     0.000    0.175E-06    0.000E+00
    24.600     0.000    0.175E-06    0.000E+00
    24.700     0.000    0.176E-06    0.000E+00
    24.800     0.000    0.176E-06    0.000E+00
    24.900     0.000    0.175E-06    0.000E+00
    25.000     0.000    0.175E-06    0.000E+00
    25.100     0.000    0.175E-06    0.000E+00
    25.200     0.000    0.174E-06    0.000E+00
    25.300     0.000    0.173E-06    0.000E+00
