# fe1_exp_064_160_photoabs_2003Var.dat                   
#
# Z = 64, A =160
# No. of entries:  176
# Col 1: photon energy E in MeV
# Col 2: bin width dE in MeV
# Col 3: dipole strength f1 in MeV^-3
# Col 4: uncertainty df1 in MeV^-3
# Format: 2f10.3, 2e13.3
# Author:   2003Var  V.V.Varlamov, M.E.Stepanov, V.V.Chesnokov; Izv. Ros. Akad. Nauk, Ser.Fiz. 67, 656(2003); (Bull.Rus.Acad.Sci.Phys. 67, 724 (2003)).          
#    E         dE       f1           df1
     8.000     0.000    0.267E-06    0.000E+00
     8.100     0.000    0.282E-06    0.000E+00
     8.200     0.000    0.298E-06    0.000E+00
     8.300     0.000    0.317E-06    0.000E+00
     8.400     0.000    0.336E-06    0.000E+00
     8.500     0.000    0.355E-06    0.000E+00
     8.600     0.000    0.375E-06    0.000E+00
     8.700     0.000    0.396E-06    0.000E+00
     8.800     0.000    0.417E-06    0.000E+00
     8.900     0.000    0.439E-06    0.000E+00
     9.000     0.000    0.461E-06    0.000E+00
     9.100     0.000    0.484E-06    0.000E+00
     9.200     0.000    0.508E-06    0.000E+00
     9.300     0.000    0.533E-06    0.000E+00
     9.400     0.000    0.560E-06    0.000E+00
     9.500     0.000    0.589E-06    0.000E+00
     9.600     0.000    0.618E-06    0.000E+00
     9.700     0.000    0.650E-06    0.000E+00
     9.800     0.000    0.685E-06    0.000E+00
     9.900     0.000    0.722E-06    0.000E+00
    10.000     0.000    0.762E-06    0.000E+00
    10.100     0.000    0.807E-06    0.000E+00
    10.200     0.000    0.859E-06    0.000E+00
    10.300     0.000    0.909E-06    0.000E+00
    10.400     0.000    0.967E-06    0.000E+00
    10.500     0.000    0.102E-05    0.000E+00
    10.600     0.000    0.109E-05    0.000E+00
    10.700     0.000    0.116E-05    0.000E+00
    10.800     0.000    0.123E-05    0.000E+00
    10.900     0.000    0.131E-05    0.000E+00
    11.000     0.000    0.139E-05    0.000E+00
    11.100     0.000    0.146E-05    0.000E+00
    11.200     0.000    0.154E-05    0.000E+00
    11.300     0.000    0.163E-05    0.000E+00
    11.400     0.000    0.170E-05    0.000E+00
    11.500     0.000    0.178E-05    0.000E+00
    11.600     0.000    0.185E-05    0.000E+00
    11.700     0.000    0.191E-05    0.000E+00
    11.800     0.000    0.197E-05    0.000E+00
    11.900     0.000    0.202E-05    0.000E+00
    12.000     0.000    0.206E-05    0.000E+00
    12.100     0.000    0.209E-05    0.000E+00
    12.200     0.000    0.210E-05    0.000E+00
    12.300     0.000    0.210E-05    0.000E+00
    12.400     0.000    0.210E-05    0.000E+00
    12.500     0.000    0.208E-05    0.000E+00
    12.600     0.000    0.207E-05    0.000E+00
    12.700     0.000    0.204E-05    0.000E+00
    12.800     0.000    0.201E-05    0.000E+00
    12.900     0.000    0.197E-05    0.000E+00
    13.000     0.000    0.193E-05    0.000E+00
    13.100     0.000    0.189E-05    0.000E+00
    13.200     0.000    0.185E-05    0.000E+00
    13.300     0.000    0.181E-05    0.000E+00
    13.400     0.000    0.177E-05    0.000E+00
    13.500     0.000    0.173E-05    0.000E+00
    13.600     0.000    0.170E-05    0.000E+00
    13.700     0.000    0.168E-05    0.000E+00
    13.800     0.000    0.166E-05    0.000E+00
    13.900     0.000    0.165E-05    0.000E+00
    14.000     0.000    0.164E-05    0.000E+00
    14.100     0.000    0.163E-05    0.000E+00
    14.200     0.000    0.163E-05    0.000E+00
    14.300     0.000    0.163E-05    0.000E+00
    14.400     0.000    0.163E-05    0.000E+00
    14.500     0.000    0.164E-05    0.000E+00
    14.600     0.000    0.164E-05    0.000E+00
    14.700     0.000    0.165E-05    0.000E+00
    14.800     0.000    0.165E-05    0.000E+00
    14.900     0.000    0.165E-05    0.000E+00
    15.000     0.000    0.165E-05    0.000E+00
    15.100     0.000    0.164E-05    0.000E+00
    15.200     0.000    0.164E-05    0.000E+00
    15.300     0.000    0.164E-05    0.000E+00
    15.400     0.000    0.163E-05    0.000E+00
    15.500     0.000    0.163E-05    0.000E+00
    15.600     0.000    0.162E-05    0.000E+00
    15.700     0.000    0.162E-05    0.000E+00
    15.800     0.000    0.161E-05    0.000E+00
    15.900     0.000    0.160E-05    0.000E+00
    16.000     0.000    0.159E-05    0.000E+00
    16.100     0.000    0.158E-05    0.000E+00
    16.200     0.000    0.156E-05    0.000E+00
    16.300     0.000    0.154E-05    0.000E+00
    16.400     0.000    0.152E-05    0.000E+00
    16.500     0.000    0.149E-05    0.000E+00
    16.600     0.000    0.146E-05    0.000E+00
    16.700     0.000    0.142E-05    0.000E+00
    16.800     0.000    0.138E-05    0.000E+00
    16.900     0.000    0.134E-05    0.000E+00
    17.000     0.000    0.131E-05    0.000E+00
    17.100     0.000    0.127E-05    0.000E+00
    17.200     0.000    0.124E-05    0.000E+00
    17.300     0.000    0.120E-05    0.000E+00
    17.400     0.000    0.116E-05    0.000E+00
    17.500     0.000    0.112E-05    0.000E+00
    17.600     0.000    0.108E-05    0.000E+00
    17.700     0.000    0.104E-05    0.000E+00
    17.800     0.000    0.994E-06    0.000E+00
    17.900     0.000    0.955E-06    0.000E+00
    18.000     0.000    0.916E-06    0.000E+00
    18.100     0.000    0.882E-06    0.000E+00
    18.200     0.000    0.848E-06    0.000E+00
    18.300     0.000    0.815E-06    0.000E+00
    18.400     0.000    0.783E-06    0.000E+00
    18.500     0.000    0.755E-06    0.000E+00
    18.600     0.000    0.727E-06    0.000E+00
    18.700     0.000    0.705E-06    0.000E+00
    18.800     0.000    0.683E-06    0.000E+00
    18.900     0.000    0.661E-06    0.000E+00
    19.000     0.000    0.639E-06    0.000E+00
    19.100     0.000    0.622E-06    0.000E+00
    19.200     0.000    0.605E-06    0.000E+00
    19.300     0.000    0.589E-06    0.000E+00
    19.400     0.000    0.572E-06    0.000E+00
    19.500     0.000    0.552E-06    0.000E+00
    19.600     0.000    0.535E-06    0.000E+00
    19.700     0.000    0.515E-06    0.000E+00
    19.800     0.000    0.499E-06    0.000E+00
    19.900     0.000    0.479E-06    0.000E+00
    20.000     0.000    0.460E-06    0.000E+00
    20.100     0.000    0.444E-06    0.000E+00
    20.200     0.000    0.429E-06    0.000E+00
    20.300     0.000    0.413E-06    0.000E+00
    20.400     0.000    0.398E-06    0.000E+00
    20.500     0.000    0.383E-06    0.000E+00
    20.600     0.000    0.368E-06    0.000E+00
    20.700     0.000    0.354E-06    0.000E+00
    20.800     0.000    0.340E-06    0.000E+00
    20.900     0.000    0.326E-06    0.000E+00
    21.000     0.000    0.313E-06    0.000E+00
    21.100     0.000    0.300E-06    0.000E+00
    21.200     0.000    0.290E-06    0.000E+00
    21.300     0.000    0.280E-06    0.000E+00
    21.400     0.000    0.271E-06    0.000E+00
    21.500     0.000    0.264E-06    0.000E+00
    21.600     0.000    0.257E-06    0.000E+00
    21.700     0.000    0.252E-06    0.000E+00
    21.800     0.000    0.248E-06    0.000E+00
    21.900     0.000    0.244E-06    0.000E+00
    22.000     0.000    0.242E-06    0.000E+00
    22.100     0.000    0.241E-06    0.000E+00
    22.200     0.000    0.240E-06    0.000E+00
    22.300     0.000    0.239E-06    0.000E+00
    22.400     0.000    0.238E-06    0.000E+00
    22.500     0.000    0.236E-06    0.000E+00
    22.600     0.000    0.235E-06    0.000E+00
    22.700     0.000    0.233E-06    0.000E+00
    22.800     0.000    0.232E-06    0.000E+00
    22.900     0.000    0.231E-06    0.000E+00
    23.000     0.000    0.231E-06    0.000E+00
    23.100     0.000    0.232E-06    0.000E+00
    23.200     0.000    0.233E-06    0.000E+00
    23.300     0.000    0.235E-06    0.000E+00
    23.400     0.000    0.236E-06    0.000E+00
    23.500     0.000    0.237E-06    0.000E+00
    23.600     0.000    0.239E-06    0.000E+00
    23.700     0.000    0.239E-06    0.000E+00
    23.800     0.000    0.239E-06    0.000E+00
    23.900     0.000    0.238E-06    0.000E+00
    24.000     0.000    0.236E-06    0.000E+00
    24.100     0.000    0.234E-06    0.000E+00
    24.200     0.000    0.231E-06    0.000E+00
    24.300     0.000    0.227E-06    0.000E+00
    24.400     0.000    0.223E-06    0.000E+00
    24.500     0.000    0.218E-06    0.000E+00
    24.600     0.000    0.212E-06    0.000E+00
    24.700     0.000    0.206E-06    0.000E+00
    24.800     0.000    0.199E-06    0.000E+00
    24.900     0.000    0.193E-06    0.000E+00
    25.000     0.000    0.186E-06    0.000E+00
    25.100     0.000    0.179E-06    0.000E+00
    25.200     0.000    0.173E-06    0.000E+00
    25.300     0.000    0.167E-06    0.000E+00
    25.400     0.000    0.162E-06    0.000E+00
    25.500     0.000    0.156E-06    0.000E+00
