# fe1_exp_065_159_photoneut_2011Var.dat                  
#
# Z = 65, A =159
# No. of entries:  184
# Col 1: photon energy E in MeV
# Col 2: bin width dE in MeV
# Col 3: dipole strength f1 in MeV^-3
# Col 4: uncertainty df1 in MeV^-3
# Format: 2f10.3, 2e13.3
# Author:   2011Var  V.V.Varlamov, et al.,; Mosc.St.Un.Inst.of Nucl.Phys.Reports, No.2011, 5/869(2011); Phys. At.Nucl. 75,(11), 1339(2012); Eur.Phys.J. A 50, 114
#    E         dE       f1           df1
     8.600     0.000    0.285E-06    0.555E-07
     8.700     0.000    0.310E-06    0.548E-07
     8.800     0.000    0.335E-06    0.552E-07
     8.900     0.000    0.362E-06    0.546E-07
     9.000     0.000    0.389E-06    0.549E-07
     9.100     0.000    0.418E-06    0.553E-07
     9.200     0.000    0.451E-06    0.547E-07
     9.300     0.000    0.484E-06    0.550E-07
     9.400     0.000    0.519E-06    0.544E-07
     9.500     0.000    0.557E-06    0.548E-07
     9.600     0.000    0.596E-06    0.542E-07
     9.700     0.000    0.637E-06    0.545E-07
     9.800     0.000    0.679E-06    0.549E-07
     9.900     0.000    0.722E-06    0.543E-07
    10.000     0.000    0.768E-06    0.546E-07
    10.100     0.000    0.814E-06    0.541E-07
    10.200     0.000    0.867E-06    0.544E-07
    10.300     0.000    0.909E-06    0.539E-07
    10.400     0.000    0.967E-06    0.542E-07
    10.500     0.000    0.102E-05    0.537E-07
    10.600     0.000    0.107E-05    0.540E-07
    10.700     0.000    0.113E-05    0.543E-07
    10.800     0.000    0.119E-05    0.538E-07
    10.900     0.000    0.125E-05    0.541E-07
    11.000     0.000    0.131E-05    0.536E-07
    11.100     0.000    0.137E-05    0.539E-07
    11.200     0.000    0.142E-05    0.542E-07
    11.300     0.000    0.148E-05    0.537E-07
    11.400     0.000    0.154E-05    0.540E-07
    11.500     0.000    0.158E-05    0.536E-07
    11.600     0.000    0.163E-05    0.538E-07
    11.700     0.000    0.167E-05    0.534E-07
    11.800     0.000    0.171E-05    0.537E-07
    11.900     0.000    0.173E-05    0.532E-07
    12.000     0.000    0.175E-05    0.535E-07
    12.100     0.000    0.176E-05    0.538E-07
    12.200     0.000    0.176E-05    0.533E-07
    12.300     0.000    0.176E-05    0.536E-07
    12.400     0.000    0.175E-05    0.532E-07
    12.500     0.000    0.173E-05    0.534E-07
    12.600     0.000    0.171E-05    0.537E-07
    12.700     0.000    0.169E-05    0.533E-07
    12.800     0.000    0.166E-05    0.535E-07
    12.900     0.000    0.163E-05    0.531E-07
    13.000     0.000    0.161E-05    0.540E-07
    13.100     0.000    0.158E-05    0.576E-07
    13.200     0.000    0.156E-05    0.611E-07
    13.300     0.000    0.154E-05    0.626E-07
    13.400     0.000    0.152E-05    0.621E-07
    13.500     0.000    0.151E-05    0.623E-07
    13.600     0.000    0.150E-05    0.619E-07
    13.700     0.000    0.149E-05    0.620E-07
    13.800     0.000    0.148E-05    0.616E-07
    13.900     0.000    0.147E-05    0.618E-07
    14.000     0.000    0.147E-05    0.613E-07
    14.100     0.000    0.147E-05    0.615E-07
    14.200     0.000    0.147E-05    0.611E-07
    14.300     0.000    0.147E-05    0.613E-07
    14.400     0.000    0.148E-05    0.608E-07
    14.500     0.000    0.150E-05    0.610E-07
    14.600     0.000    0.151E-05    0.606E-07
    14.700     0.000    0.153E-05    0.608E-07
    14.800     0.000    0.155E-05    0.604E-07
    14.900     0.000    0.155E-05    0.605E-07
    15.000     0.000    0.154E-05    0.601E-07
    15.100     0.000    0.153E-05    0.603E-07
    15.200     0.000    0.151E-05    0.605E-07
    15.300     0.000    0.148E-05    0.601E-07
    15.400     0.000    0.144E-05    0.603E-07
    15.500     0.000    0.141E-05    0.604E-07
    15.600     0.000    0.137E-05    0.606E-07
    15.700     0.000    0.134E-05    0.613E-07
    15.800     0.000    0.130E-05    0.615E-07
    15.900     0.000    0.127E-05    0.616E-07
    16.000     0.000    0.125E-05    0.618E-07
    16.100     0.000    0.122E-05    0.620E-07
    16.200     0.000    0.120E-05    0.621E-07
    16.300     0.000    0.118E-05    0.623E-07
    16.400     0.000    0.115E-05    0.624E-07
    16.500     0.000    0.113E-05    0.626E-07
    16.600     0.000    0.111E-05    0.622E-07
    16.700     0.000    0.109E-05    0.623E-07
    16.800     0.000    0.106E-05    0.620E-07
    16.900     0.000    0.104E-05    0.621E-07
    17.000     0.000    0.101E-05    0.617E-07
    17.100     0.000    0.984E-06    0.614E-07
    17.200     0.000    0.958E-06    0.615E-07
    17.300     0.000    0.933E-06    0.612E-07
    17.400     0.000    0.907E-06    0.608E-07
    17.500     0.000    0.882E-06    0.605E-07
    17.600     0.000    0.853E-06    0.601E-07
    17.700     0.000    0.828E-06    0.598E-07
    17.800     0.000    0.799E-06    0.599E-07
    17.900     0.000    0.775E-06    0.596E-07
    18.000     0.000    0.747E-06    0.598E-07
    18.100     0.000    0.719E-06    0.594E-07
    18.200     0.000    0.691E-06    0.591E-07
    18.300     0.000    0.668E-06    0.588E-07
    18.400     0.000    0.641E-06    0.585E-07
    18.500     0.000    0.619E-06    0.586E-07
    18.600     0.000    0.592E-06    0.583E-07
    18.700     0.000    0.571E-06    0.580E-07
    18.800     0.000    0.554E-06    0.577E-07
    18.900     0.000    0.532E-06    0.578E-07
    19.000     0.000    0.511E-06    0.575E-07
    19.100     0.000    0.495E-06    0.572E-07
    19.200     0.000    0.479E-06    0.569E-07
    19.300     0.000    0.463E-06    0.566E-07
    19.400     0.000    0.447E-06    0.563E-07
    19.500     0.000    0.435E-06    0.560E-07
    19.600     0.000    0.421E-06    0.562E-07
    19.700     0.000    0.409E-06    0.559E-07
    19.800     0.000    0.396E-06    0.556E-07
    19.900     0.000    0.384E-06    0.558E-07
    20.000     0.000    0.373E-06    0.555E-07
    20.100     0.000    0.362E-06    0.552E-07
    20.200     0.000    0.351E-06    0.550E-07
    20.300     0.000    0.342E-06    0.547E-07
    20.400     0.000    0.333E-06    0.544E-07
    20.500     0.000    0.326E-06    0.546E-07
    20.600     0.000    0.318E-06    0.543E-07
    20.700     0.000    0.312E-06    0.541E-07
    20.800     0.000    0.306E-06    0.538E-07
    20.900     0.000    0.300E-06    0.535E-07
    21.000     0.000    0.293E-06    0.533E-07
    21.100     0.000    0.287E-06    0.534E-07
    21.200     0.000    0.280E-06    0.528E-07
    21.300     0.000    0.273E-06    0.525E-07
    21.400     0.000    0.267E-06    0.523E-07
    21.500     0.000    0.260E-06    0.520E-07
    21.600     0.000    0.253E-06    0.522E-07
    21.700     0.000    0.247E-06    0.524E-07
    21.800     0.000    0.241E-06    0.521E-07
    21.900     0.000    0.235E-06    0.519E-07
    22.000     0.000    0.230E-06    0.516E-07
    22.100     0.000    0.226E-06    0.514E-07
    22.200     0.000    0.222E-06    0.512E-07
    22.300     0.000    0.219E-06    0.510E-07
    22.400     0.000    0.216E-06    0.511E-07
    22.500     0.000    0.214E-06    0.509E-07
    22.600     0.000    0.211E-06    0.507E-07
    22.700     0.000    0.209E-06    0.504E-07
    22.800     0.000    0.206E-06    0.517E-07
    22.900     0.000    0.205E-06    0.549E-07
    23.000     0.000    0.203E-06    0.581E-07
    23.100     0.000    0.202E-06    0.593E-07
    23.200     0.000    0.202E-06    0.591E-07
    23.300     0.000    0.202E-06    0.592E-07
    23.400     0.000    0.203E-06    0.589E-07
    23.500     0.000    0.205E-06    0.587E-07
    23.600     0.000    0.205E-06    0.584E-07
    23.700     0.000    0.207E-06    0.582E-07
    23.800     0.000    0.209E-06    0.579E-07
    23.900     0.000    0.210E-06    0.577E-07
    24.000     0.000    0.210E-06    0.575E-07
    24.100     0.000    0.209E-06    0.576E-07
    24.200     0.000    0.208E-06    0.570E-07
    24.300     0.000    0.205E-06    0.568E-07
    24.400     0.000    0.200E-06    0.565E-07
    24.500     0.000    0.194E-06    0.563E-07
    24.600     0.000    0.187E-06    0.561E-07
    24.700     0.000    0.180E-06    0.558E-07
    24.800     0.000    0.172E-06    0.556E-07
    24.900     0.000    0.164E-06    0.554E-07
    25.000     0.000    0.156E-06    0.548E-07
    25.100     0.000    0.150E-06    0.546E-07
    25.200     0.000    0.143E-06    0.544E-07
    25.300     0.000    0.137E-06    0.542E-07
    25.400     0.000    0.134E-06    0.540E-07
    25.500     0.000    0.132E-06    0.537E-07
    25.600     0.000    0.128E-06    0.535E-07
    25.700     0.000    0.125E-06    0.537E-07
    25.800     0.000    0.124E-06    0.535E-07
    25.900     0.000    0.122E-06    0.532E-07
    26.000     0.000    0.119E-06    0.534E-07
    26.100     0.000    0.118E-06    0.532E-07
    26.200     0.000    0.115E-06    0.533E-07
    26.300     0.000    0.112E-06    0.531E-07
    26.400     0.000    0.111E-06    0.529E-07
    26.500     0.000    0.109E-06    0.530E-07
    26.600     0.000    0.106E-06    0.532E-07
    26.700     0.000    0.105E-06    0.530E-07
    26.800     0.000    0.103E-06    0.531E-07
    26.900     0.000    0.102E-06    0.529E-07
