# fe1_exp_029_063_photoabs_2003Var_M0656011.dat          
#
# Z = 29, A = 63
# No. of entries:  127
# Col 1: photon energy E in MeV
# Col 2: bin width dE in MeV
# Col 3: dipole strength f1 in MeV^-3
# Col 4: uncertainty df1 in MeV^-3
# Format: 2f10.3, 2e13.3
# Author:   2003Var  V.V.Varlamov, M.E.Stepanov, V.V.Chesnokov; Izv. Ros. Akad. Nauk, Ser.Fiz. 67, 656(2003); (Bull.Rus.Acad.Sci.Phys. 67, 724 (2003)).          
#    E         dE       f1           df1
    14.200     0.000    0.321E-06    0.000E+00
    14.300     0.000    0.331E-06    0.000E+00
    14.400     0.000    0.342E-06    0.000E+00
    14.500     0.000    0.352E-06    0.000E+00
    14.600     0.000    0.363E-06    0.000E+00
    14.700     0.000    0.374E-06    0.000E+00
    14.800     0.000    0.384E-06    0.000E+00
    14.900     0.000    0.394E-06    0.000E+00
    15.000     0.000    0.404E-06    0.000E+00
    15.100     0.000    0.413E-06    0.000E+00
    15.200     0.000    0.421E-06    0.000E+00
    15.300     0.000    0.429E-06    0.000E+00
    15.400     0.000    0.436E-06    0.000E+00
    15.500     0.000    0.443E-06    0.000E+00
    15.600     0.000    0.448E-06    0.000E+00
    15.700     0.000    0.453E-06    0.000E+00
    15.800     0.000    0.457E-06    0.000E+00
    15.900     0.000    0.460E-06    0.000E+00
    16.000     0.000    0.464E-06    0.000E+00
    16.100     0.000    0.465E-06    0.000E+00
    16.200     0.000    0.467E-06    0.000E+00
    16.300     0.000    0.468E-06    0.000E+00
    16.400     0.000    0.469E-06    0.000E+00
    16.500     0.000    0.469E-06    0.000E+00
    16.600     0.000    0.469E-06    0.000E+00
    16.700     0.000    0.468E-06    0.000E+00
    16.800     0.000    0.466E-06    0.000E+00
    16.900     0.000    0.463E-06    0.000E+00
    17.000     0.000    0.460E-06    0.000E+00
    17.100     0.000    0.455E-06    0.000E+00
    17.200     0.000    0.450E-06    0.000E+00
    17.300     0.000    0.444E-06    0.000E+00
    17.400     0.000    0.437E-06    0.000E+00
    17.500     0.000    0.429E-06    0.000E+00
    17.600     0.000    0.421E-06    0.000E+00
    17.700     0.000    0.413E-06    0.000E+00
    17.800     0.000    0.404E-06    0.000E+00
    17.900     0.000    0.395E-06    0.000E+00
    18.000     0.000    0.386E-06    0.000E+00
    18.100     0.000    0.377E-06    0.000E+00
    18.200     0.000    0.368E-06    0.000E+00
    18.300     0.000    0.360E-06    0.000E+00
    18.400     0.000    0.352E-06    0.000E+00
    18.500     0.000    0.344E-06    0.000E+00
    18.600     0.000    0.336E-06    0.000E+00
    18.700     0.000    0.328E-06    0.000E+00
    18.800     0.000    0.321E-06    0.000E+00
    18.900     0.000    0.313E-06    0.000E+00
    19.000     0.000    0.307E-06    0.000E+00
    19.100     0.000    0.301E-06    0.000E+00
    19.200     0.000    0.295E-06    0.000E+00
    19.300     0.000    0.290E-06    0.000E+00
    19.400     0.000    0.286E-06    0.000E+00
    19.500     0.000    0.282E-06    0.000E+00
    19.600     0.000    0.279E-06    0.000E+00
    19.700     0.000    0.275E-06    0.000E+00
    19.800     0.000    0.272E-06    0.000E+00
    19.900     0.000    0.268E-06    0.000E+00
    20.000     0.000    0.263E-06    0.000E+00
    20.100     0.000    0.259E-06    0.000E+00
    20.200     0.000    0.254E-06    0.000E+00
    20.300     0.000    0.249E-06    0.000E+00
    20.400     0.000    0.243E-06    0.000E+00
    20.500     0.000    0.238E-06    0.000E+00
    20.600     0.000    0.234E-06    0.000E+00
    20.700     0.000    0.229E-06    0.000E+00
    20.800     0.000    0.225E-06    0.000E+00
    20.900     0.000    0.222E-06    0.000E+00
    21.000     0.000    0.219E-06    0.000E+00
    21.100     0.000    0.217E-06    0.000E+00
    21.200     0.000    0.214E-06    0.000E+00
    21.300     0.000    0.212E-06    0.000E+00
    21.400     0.000    0.210E-06    0.000E+00
    21.500     0.000    0.207E-06    0.000E+00
    21.600     0.000    0.204E-06    0.000E+00
    21.700     0.000    0.200E-06    0.000E+00
    21.800     0.000    0.196E-06    0.000E+00
    21.900     0.000    0.192E-06    0.000E+00
    22.000     0.000    0.187E-06    0.000E+00
    22.100     0.000    0.183E-06    0.000E+00
    22.200     0.000    0.179E-06    0.000E+00
    22.300     0.000    0.175E-06    0.000E+00
    22.400     0.000    0.172E-06    0.000E+00
    22.500     0.000    0.170E-06    0.000E+00
    22.600     0.000    0.167E-06    0.000E+00
    22.700     0.000    0.165E-06    0.000E+00
    22.800     0.000    0.163E-06    0.000E+00
    22.900     0.000    0.161E-06    0.000E+00
    23.000     0.000    0.157E-06    0.000E+00
    23.100     0.000    0.153E-06    0.000E+00
    23.200     0.000    0.148E-06    0.000E+00
    23.300     0.000    0.142E-06    0.000E+00
    23.400     0.000    0.135E-06    0.000E+00
    23.500     0.000    0.128E-06    0.000E+00
    23.600     0.000    0.121E-06    0.000E+00
    23.700     0.000    0.115E-06    0.000E+00
    23.800     0.000    0.110E-06    0.000E+00
    23.900     0.000    0.106E-06    0.000E+00
    24.000     0.000    0.103E-06    0.000E+00
    24.100     0.000    0.101E-06    0.000E+00
    24.200     0.000    0.100E-06    0.000E+00
    24.300     0.000    0.992E-07    0.000E+00
    24.400     0.000    0.988E-07    0.000E+00
    24.500     0.000    0.977E-07    0.000E+00
    24.600     0.000    0.966E-07    0.000E+00
    24.700     0.000    0.952E-07    0.000E+00
    24.800     0.000    0.927E-07    0.000E+00
    24.900     0.000    0.902E-07    0.000E+00
    25.000     0.000    0.871E-07    0.000E+00
    25.100     0.000    0.836E-07    0.000E+00
    25.200     0.000    0.809E-07    0.000E+00
    25.300     0.000    0.785E-07    0.000E+00
    25.400     0.000    0.772E-07    0.000E+00
    25.500     0.000    0.769E-07    0.000E+00
    25.600     0.000    0.773E-07    0.000E+00
    25.700     0.000    0.780E-07    0.000E+00
    25.800     0.000    0.793E-07    0.000E+00
    25.900     0.000    0.807E-07    0.000E+00
    26.000     0.000    0.821E-07    0.000E+00
    26.100     0.000    0.834E-07    0.000E+00
    26.200     0.000    0.841E-07    0.000E+00
    26.300     0.000    0.848E-07    0.000E+00
    26.400     0.000    0.848E-07    0.000E+00
    26.500     0.000    0.844E-07    0.000E+00
    26.600     0.000    0.838E-07    0.000E+00
    26.700     0.000    0.828E-07    0.000E+00
    26.800     0.000    0.819E-07    0.000E+00
