# fe1_exp_042_098_photoneut_1970Is3.dat                  
#
# Z = 42, A = 98
# No. of entries:  159
# Col 1: photon energy E in MeV
# Col 2: bin width dE in MeV
# Col 3: dipole strength f1 in MeV^-3
# Col 4: uncertainty df1 in MeV^-3
# Format: 2f10.3, 2e13.3
# Author:   1970Is1  B.S.Ishkhanov, al.,; Izv.Akad.Nauk SSSR, Ser.Fiz. 34, 2228 (1970); (Bull.Acad.Sci. USSR, Phys.Ser. 34, 1988(1971)).                         
#    E         dE       f1           df1
     8.900     0.000    0.146E-06    0.000E+00
     9.000     0.000    0.143E-06    0.000E+00
     9.100     0.000    0.145E-06    0.000E+00
     9.200     0.000    0.149E-06    0.000E+00
     9.300     0.000    0.157E-06    0.000E+00
     9.400     0.000    0.209E-06    0.000E+00
     9.500     0.000    0.277E-06    0.000E+00
     9.600     0.000    0.276E-06    0.000E+00
     9.700     0.000    0.275E-06    0.000E+00
     9.800     0.000    0.200E-06    0.000E+00
     9.900     0.000    0.200E-06    0.000E+00
    10.000     0.000    0.253E-06    0.000E+00
    10.100     0.000    0.321E-06    0.000E+00
    10.200     0.000    0.253E-06    0.000E+00
    10.300     0.000    0.205E-06    0.000E+00
    10.400     0.000    0.250E-06    0.000E+00
    10.500     0.000    0.372E-06    0.000E+00
    10.600     0.000    0.432E-06    0.000E+00
    10.700     0.000    0.426E-06    0.000E+00
    10.800     0.000    0.370E-06    0.000E+00
    10.900     0.000    0.257E-06    0.000E+00
    11.000     0.000    0.296E-06    0.000E+00
    11.100     0.000    0.288E-06    0.000E+00
    11.200     0.000    0.352E-06    0.000E+00
    11.300     0.000    0.349E-06    0.000E+00
    11.400     0.000    0.364E-06    0.000E+00
    11.500     0.000    0.453E-06    0.000E+00
    11.600     0.000    0.574E-06    0.000E+00
    11.700     0.000    0.506E-06    0.000E+00
    11.800     0.000    0.449E-06    0.000E+00
    11.900     0.000    0.393E-06    0.000E+00
    12.000     0.000    0.445E-06    0.000E+00
    12.100     0.000    0.541E-06    0.000E+00
    12.200     0.000    0.539E-06    0.000E+00
    12.300     0.000    0.638E-06    0.000E+00
    12.400     0.000    0.637E-06    0.000E+00
    12.500     0.000    0.640E-06    0.000E+00
    12.600     0.000    0.688E-06    0.000E+00
    12.700     0.000    0.785E-06    0.000E+00
    12.800     0.000    0.773E-06    0.000E+00
    12.900     0.000    0.713E-06    0.000E+00
    13.000     0.000    0.807E-06    0.000E+00
    13.100     0.000    0.101E-05    0.000E+00
    13.200     0.000    0.105E-05    0.000E+00
    13.300     0.000    0.848E-06    0.000E+00
    13.400     0.000    0.796E-06    0.000E+00
    13.500     0.000    0.790E-06    0.000E+00
    13.600     0.000    0.829E-06    0.000E+00
    13.700     0.000    0.918E-06    0.000E+00
    13.800     0.000    0.101E-05    0.000E+00
    13.900     0.000    0.108E-05    0.000E+00
    14.000     0.000    0.991E-06    0.000E+00
    14.100     0.000    0.886E-06    0.000E+00
    14.200     0.000    0.935E-06    0.000E+00
    14.300     0.000    0.106E-05    0.000E+00
    14.400     0.000    0.114E-05    0.000E+00
    14.500     0.000    0.123E-05    0.000E+00
    14.600     0.000    0.126E-05    0.000E+00
    14.700     0.000    0.116E-05    0.000E+00
    14.800     0.000    0.112E-05    0.000E+00
    14.900     0.000    0.114E-05    0.000E+00
    15.000     0.000    0.123E-05    0.000E+00
    15.100     0.000    0.122E-05    0.000E+00
    15.200     0.000    0.117E-05    0.000E+00
    15.300     0.000    0.113E-05    0.000E+00
    15.400     0.000    0.115E-05    0.000E+00
    15.500     0.000    0.123E-05    0.000E+00
    15.600     0.000    0.131E-05    0.000E+00
    15.700     0.000    0.141E-05    0.000E+00
    15.800     0.000    0.145E-05    0.000E+00
    15.900     0.000    0.137E-05    0.000E+00
    16.000     0.000    0.131E-05    0.000E+00
    16.100     0.000    0.126E-05    0.000E+00
    16.200     0.000    0.103E-05    0.000E+00
    16.300     0.000    0.106E-05    0.000E+00
    16.400     0.000    0.112E-05    0.000E+00
    16.500     0.000    0.114E-05    0.000E+00
    16.600     0.000    0.122E-05    0.000E+00
    16.700     0.000    0.118E-05    0.000E+00
    16.800     0.000    0.110E-05    0.000E+00
    17.100     0.000    0.862E-06    0.000E+00
    17.400     0.000    0.713E-06    0.000E+00
    17.600     0.000    0.665E-06    0.000E+00
    17.700     0.000    0.632E-06    0.000E+00
    17.800     0.000    0.575E-06    0.000E+00
    17.900     0.000    0.620E-06    0.000E+00
    18.000     0.000    0.660E-06    0.000E+00
    18.100     0.000    0.719E-06    0.000E+00
    18.200     0.000    0.710E-06    0.000E+00
    18.700     0.000    0.453E-06    0.000E+00
    18.800     0.000    0.438E-06    0.000E+00
    18.900     0.000    0.447E-06    0.000E+00
    19.000     0.000    0.457E-06    0.000E+00
    19.100     0.000    0.446E-06    0.000E+00
    19.200     0.000    0.452E-06    0.000E+00
    19.400     0.000    0.402E-06    0.000E+00
    19.600     0.000    0.389E-06    0.000E+00
    19.700     0.000    0.301E-06    0.000E+00
    19.800     0.000    0.285E-06    0.000E+00
    19.900     0.000    0.295E-06    0.000E+00
    20.000     0.000    0.291E-06    0.000E+00
    20.100     0.000    0.276E-06    0.000E+00
    20.200     0.000    0.279E-06    0.000E+00
    20.300     0.000    0.291E-06    0.000E+00
    20.400     0.000    0.308E-06    0.000E+00
    20.500     0.000    0.327E-06    0.000E+00
    20.600     0.000    0.325E-06    0.000E+00
    20.700     0.000    0.323E-06    0.000E+00
    20.800     0.000    0.334E-06    0.000E+00
    20.900     0.000    0.311E-06    0.000E+00
    21.000     0.000    0.285E-06    0.000E+00
    21.100     0.000    0.274E-06    0.000E+00
    21.200     0.000    0.276E-06    0.000E+00
    21.300     0.000    0.271E-06    0.000E+00
    21.400     0.000    0.263E-06    0.000E+00
    21.500     0.000    0.267E-06    0.000E+00
    21.600     0.000    0.273E-06    0.000E+00
    21.700     0.000    0.273E-06    0.000E+00
    21.800     0.000    0.249E-06    0.000E+00
    21.900     0.000    0.224E-06    0.000E+00
    22.000     0.000    0.224E-06    0.000E+00
    22.100     0.000    0.235E-06    0.000E+00
    22.200     0.000    0.241E-06    0.000E+00
    22.300     0.000    0.249E-06    0.000E+00
    22.400     0.000    0.237E-06    0.000E+00
    22.500     0.000    0.231E-06    0.000E+00
    22.600     0.000    0.200E-06    0.000E+00
    22.700     0.000    0.191E-06    0.000E+00
    22.800     0.000    0.209E-06    0.000E+00
    22.900     0.000    0.218E-06    0.000E+00
    23.000     0.000    0.203E-06    0.000E+00
    23.100     0.000    0.173E-06    0.000E+00
    23.200     0.000    0.173E-06    0.000E+00
    23.300     0.000    0.187E-06    0.000E+00
    23.400     0.000    0.207E-06    0.000E+00
    23.600     0.000    0.237E-06    0.000E+00
    23.700     0.000    0.235E-06    0.000E+00
    23.800     0.000    0.219E-06    0.000E+00
    23.900     0.000    0.236E-06    0.000E+00
    24.300     0.000    0.254E-06    0.000E+00
    24.400     0.000    0.223E-06    0.000E+00
    24.500     0.000    0.210E-06    0.000E+00
    24.600     0.000    0.219E-06    0.000E+00
    24.700     0.000    0.237E-06    0.000E+00
    24.800     0.000    0.243E-06    0.000E+00
    25.000     0.000    0.191E-06    0.000E+00
    25.200     0.000    0.211E-06    0.000E+00
    25.300     0.000    0.219E-06    0.000E+00
    25.400     0.000    0.205E-06    0.000E+00
    25.600     0.000    0.155E-06    0.000E+00
    25.700     0.000    0.135E-06    0.000E+00
    25.800     0.000    0.137E-06    0.000E+00
    25.900     0.000    0.152E-06    0.000E+00
    26.000     0.000    0.141E-06    0.000E+00
    26.300     0.000    0.907E-07    0.000E+00
    26.400     0.000    0.986E-07    0.000E+00
    26.500     0.000    0.998E-07    0.000E+00
    26.600     0.000    0.108E-06    0.000E+00
    26.700     0.000    0.123E-06    0.000E+00
