# fe1_exp_053_127_photoneut_1999Bel.dat                  
#
# Z = 53, A =127
# No. of entries:  209
# Col 1: photon energy E in MeV
# Col 2: bin width dE in MeV
# Col 3: dipole strength f1 in MeV^-3
# Col 4: uncertainty df1 in MeV^-3
# Format: 2f10.3, 2e13.3
# Author:   1999Bel  S.N.Belyaev, V.A.Semenov, V.P.Sinichkin; Workshop on Beam Dynamics and Optimiz, Saratov 97 (1997).                                          
#    E         dE       f1           df1
     9.500     0.000    0.235E-06    0.822E-08
     9.550     0.000    0.244E-06    0.908E-08
     9.590     0.000    0.250E-06    0.904E-08
     9.640     0.000    0.252E-06    0.900E-08
     9.690     0.000    0.252E-06    0.985E-08
     9.740     0.000    0.251E-06    0.980E-08
     9.780     0.000    0.249E-06    0.976E-08
     9.830     0.000    0.247E-06    0.106E-07
     9.880     0.000    0.245E-06    0.105E-07
     9.930     0.000    0.244E-06    0.105E-07
     9.970     0.000    0.244E-06    0.113E-07
    10.020     0.000    0.245E-06    0.113E-07
    10.070     0.000    0.246E-06    0.112E-07
    10.120     0.000    0.249E-06    0.120E-07
    10.160     0.000    0.250E-06    0.120E-07
    10.210     0.000    0.252E-06    0.119E-07
    10.260     0.000    0.255E-06    0.118E-07
    10.310     0.000    0.258E-06    0.118E-07
    10.360     0.000    0.263E-06    0.126E-07
    10.400     0.000    0.269E-06    0.125E-07
    10.450     0.000    0.276E-06    0.125E-07
    10.500     0.000    0.286E-06    0.124E-07
    10.550     0.000    0.295E-06    0.132E-07
    10.590     0.000    0.306E-06    0.131E-07
    10.640     0.000    0.315E-06    0.130E-07
    10.690     0.000    0.323E-06    0.130E-07
    10.740     0.000    0.330E-06    0.129E-07
    10.780     0.000    0.338E-06    0.137E-07
    10.830     0.000    0.343E-06    0.136E-07
    10.880     0.000    0.348E-06    0.136E-07
    10.930     0.000    0.352E-06    0.135E-07
    10.970     0.000    0.355E-06    0.142E-07
    11.020     0.000    0.358E-06    0.142E-07
    11.070     0.000    0.361E-06    0.141E-07
    11.120     0.000    0.365E-06    0.140E-07
    11.170     0.000    0.369E-06    0.140E-07
    11.210     0.000    0.373E-06    0.147E-07
    11.260     0.000    0.377E-06    0.146E-07
    11.310     0.000    0.383E-06    0.146E-07
    11.360     0.000    0.389E-06    0.145E-07
    11.400     0.000    0.397E-06    0.145E-07
    11.450     0.000    0.407E-06    0.152E-07
    11.500     0.000    0.417E-06    0.151E-07
    11.550     0.000    0.430E-06    0.150E-07
    11.590     0.000    0.443E-06    0.150E-07
    11.640     0.000    0.458E-06    0.149E-07
    11.690     0.000    0.473E-06    0.156E-07
    11.740     0.000    0.488E-06    0.155E-07
    11.790     0.000    0.503E-06    0.154E-07
    11.830     0.000    0.518E-06    0.154E-07
    11.880     0.000    0.532E-06    0.153E-07
    11.930     0.000    0.545E-06    0.153E-07
    11.980     0.000    0.557E-06    0.159E-07
    12.020     0.000    0.567E-06    0.159E-07
    12.070     0.000    0.576E-06    0.158E-07
    12.120     0.000    0.584E-06    0.157E-07
    12.170     0.000    0.592E-06    0.157E-07
    12.210     0.000    0.600E-06    0.163E-07
    12.260     0.000    0.609E-06    0.163E-07
    12.310     0.000    0.619E-06    0.162E-07
    12.360     0.000    0.629E-06    0.161E-07
    12.400     0.000    0.641E-06    0.161E-07
    12.450     0.000    0.654E-06    0.167E-07
    12.500     0.000    0.669E-06    0.167E-07
    12.550     0.000    0.686E-06    0.166E-07
    12.600     0.000    0.702E-06    0.165E-07
    12.640     0.000    0.721E-06    0.172E-07
    12.690     0.000    0.745E-06    0.171E-07
    12.740     0.000    0.763E-06    0.170E-07
    12.790     0.000    0.787E-06    0.170E-07
    12.830     0.000    0.811E-06    0.169E-07
    12.880     0.000    0.835E-06    0.175E-07
    12.930     0.000    0.859E-06    0.174E-07
    12.980     0.000    0.875E-06    0.174E-07
    13.020     0.000    0.899E-06    0.173E-07
    13.070     0.000    0.922E-06    0.173E-07
    13.120     0.000    0.939E-06    0.178E-07
    13.170     0.000    0.962E-06    0.178E-07
    13.210     0.000    0.978E-06    0.177E-07
    13.260     0.000    0.994E-06    0.177E-07
    13.310     0.000    0.102E-05    0.176E-07
    13.360     0.000    0.103E-05    0.182E-07
    13.410     0.000    0.105E-05    0.181E-07
    13.450     0.000    0.107E-05    0.181E-07
    13.500     0.000    0.109E-05    0.180E-07
    13.550     0.000    0.111E-05    0.179E-07
    13.600     0.000    0.113E-05    0.185E-07
    13.640     0.000    0.115E-05    0.184E-07
    13.690     0.000    0.117E-05    0.184E-07
    13.740     0.000    0.119E-05    0.183E-07
    13.790     0.000    0.121E-05    0.182E-07
    13.830     0.000    0.124E-05    0.188E-07
    13.880     0.000    0.126E-05    0.187E-07
    13.930     0.000    0.128E-05    0.187E-07
    13.980     0.000    0.130E-05    0.186E-07
    14.020     0.000    0.132E-05    0.192E-07
    14.070     0.000    0.134E-05    0.191E-07
    14.120     0.000    0.135E-05    0.190E-07
    14.170     0.000    0.137E-05    0.196E-07
    14.220     0.000    0.138E-05    0.195E-07
    14.260     0.000    0.140E-05    0.195E-07
    14.310     0.000    0.141E-05    0.194E-07
    14.360     0.000    0.143E-05    0.199E-07
    14.410     0.000    0.143E-05    0.199E-07
    14.450     0.000    0.144E-05    0.198E-07
    14.500     0.000    0.145E-05    0.197E-07
    14.550     0.000    0.145E-05    0.197E-07
    14.600     0.000    0.146E-05    0.202E-07
    14.640     0.000    0.146E-05    0.201E-07
    14.690     0.000    0.146E-05    0.201E-07
    14.740     0.000    0.146E-05    0.206E-07
    14.790     0.000    0.145E-05    0.205E-07
    14.830     0.000    0.145E-05    0.205E-07
    14.880     0.000    0.145E-05    0.210E-07
    14.930     0.000    0.144E-05    0.209E-07
    14.980     0.000    0.143E-05    0.208E-07
    15.030     0.000    0.142E-05    0.214E-07
    15.070     0.000    0.142E-05    0.213E-07
    15.120     0.000    0.141E-05    0.212E-07
    15.170     0.000    0.139E-05    0.217E-07
    15.220     0.000    0.138E-05    0.217E-07
    15.260     0.000    0.137E-05    0.216E-07
    15.310     0.000    0.135E-05    0.215E-07
    15.360     0.000    0.134E-05    0.215E-07
    15.410     0.000    0.133E-05    0.214E-07
    15.450     0.000    0.131E-05    0.208E-07
    15.540     0.000    0.129E-05    0.201E-07
    15.650     0.000    0.125E-05    0.200E-07
    15.750     0.000    0.122E-05    0.204E-07
    15.860     0.000    0.119E-05    0.208E-07
    15.960     0.000    0.115E-05    0.212E-07
    16.060     0.000    0.112E-05    0.211E-07
    16.170     0.000    0.109E-05    0.215E-07
    16.270     0.000    0.106E-05    0.213E-07
    16.370     0.000    0.103E-05    0.212E-07
    16.470     0.000    0.100E-05    0.216E-07
    16.580     0.000    0.968E-06    0.214E-07
    16.680     0.000    0.936E-06    0.213E-07
    16.780     0.000    0.910E-06    0.217E-07
    16.890     0.000    0.883E-06    0.216E-07
    16.990     0.000    0.858E-06    0.214E-07
    17.090     0.000    0.832E-06    0.218E-07
    17.200     0.000    0.807E-06    0.217E-07
    17.300     0.000    0.782E-06    0.221E-07
    17.400     0.000    0.753E-06    0.219E-07
    17.510     0.000    0.728E-06    0.218E-07
    17.610     0.000    0.704E-06    0.222E-07
    17.710     0.000    0.676E-06    0.220E-07
    17.820     0.000    0.652E-06    0.224E-07
    17.920     0.000    0.629E-06    0.223E-07
    18.020     0.000    0.602E-06    0.226E-07
    18.130     0.000    0.579E-06    0.225E-07
    18.230     0.000    0.557E-06    0.228E-07
    18.330     0.000    0.530E-06    0.227E-07
    18.440     0.000    0.508E-06    0.226E-07
    18.540     0.000    0.487E-06    0.225E-07
    18.640     0.000    0.465E-06    0.228E-07
    18.750     0.000    0.445E-06    0.227E-07
    18.850     0.000    0.425E-06    0.225E-07
    18.950     0.000    0.406E-06    0.229E-07
    19.060     0.000    0.387E-06    0.232E-07
    19.160     0.000    0.369E-06    0.231E-07
    19.260     0.000    0.352E-06    0.234E-07
    19.370     0.000    0.334E-06    0.233E-07
    19.470     0.000    0.318E-06    0.236E-07
    19.570     0.000    0.302E-06    0.235E-07
    19.680     0.000    0.287E-06    0.238E-07
    19.780     0.000    0.273E-06    0.237E-07
    19.880     0.000    0.260E-06    0.236E-07
    19.990     0.000    0.249E-06    0.234E-07
    20.090     0.000    0.238E-06    0.233E-07
    20.190     0.000    0.229E-06    0.236E-07
    20.300     0.000    0.220E-06    0.235E-07
    20.400     0.000    0.213E-06    0.234E-07
    20.500     0.000    0.207E-06    0.237E-07
    20.600     0.000    0.203E-06    0.236E-07
    20.710     0.000    0.199E-06    0.239E-07
    20.810     0.000    0.196E-06    0.238E-07
    20.910     0.000    0.194E-06    0.241E-07
    21.020     0.000    0.192E-06    0.239E-07
    21.120     0.000    0.191E-06    0.242E-07
    21.220     0.000    0.190E-06    0.241E-07
    21.330     0.000    0.188E-06    0.244E-07
    21.430     0.000    0.185E-06    0.247E-07
    21.530     0.000    0.183E-06    0.246E-07
    21.640     0.000    0.179E-06    0.244E-07
    21.740     0.000    0.175E-06    0.247E-07
    21.840     0.000    0.171E-06    0.246E-07
    21.950     0.000    0.166E-06    0.245E-07
    22.050     0.000    0.160E-06    0.248E-07
    22.150     0.000    0.155E-06    0.247E-07
    22.260     0.000    0.149E-06    0.249E-07
    22.360     0.000    0.144E-06    0.252E-07
    22.460     0.000    0.138E-06    0.255E-07
    22.570     0.000    0.133E-06    0.257E-07
    22.670     0.000    0.127E-06    0.264E-07
    22.770     0.000    0.122E-06    0.267E-07
    22.880     0.000    0.118E-06    0.273E-07
    22.980     0.000    0.113E-06    0.279E-07
    23.080     0.000    0.109E-06    0.282E-07
    23.190     0.000    0.104E-06    0.284E-07
    23.290     0.000    0.100E-06    0.287E-07
    23.390     0.000    0.964E-07    0.286E-07
    23.500     0.000    0.923E-07    0.288E-07
    23.600     0.000    0.886E-07    0.287E-07
    23.700     0.000    0.849E-07    0.289E-07
    23.810     0.000    0.812E-07    0.295E-07
    23.910     0.000    0.776E-07    0.312E-07
    24.010     0.000    0.741E-07    0.340E-07
