# fe1_exp_027_059_photoneut_1969Gor.dat                  
#
# Z = 27, A = 59
# No. of entries:  168
# Col 1: photon energy E in MeV
# Col 2: bin width dE in MeV
# Col 3: dipole strength f1 in MeV^-3
# Col 4: uncertainty df1 in MeV^-3
# Format: 2f10.3, 2e13.3
# Author:   1969Gor  B.I.Goryachev, et al.,; Izv.Akad.Nauk SSSR, Ser.Fiz. 33, 1736(1969); (Bull.Acad.Sci.USSR, Phys.Ser. 33, 1588(1970)).                        
#    E         dE       f1           df1
    10.600     0.000    0.682E-07    0.712E-08
    10.700     0.000    0.734E-07    0.705E-08
    10.800     0.000    0.694E-07    0.747E-08
    10.900     0.000    0.586E-07    0.740E-08
    11.000     0.000    0.485E-07    0.686E-08
    11.100     0.000    0.340E-07    0.820E-08
    11.100     0.000    0.336E-07    0.594E-08
    11.200     0.000    0.418E-07    0.720E-08
    11.300     0.000    0.504E-07    0.714E-08
    11.400     0.000    0.562E-07    0.616E-08
    11.500     0.000    0.632E-07    0.656E-08
    11.600     0.000    0.714E-07    0.651E-08
    11.700     0.000    0.691E-07    0.563E-08
    11.800     0.000    0.634E-07    0.559E-08
    11.900     0.000    0.583E-07    0.510E-08
    12.000     0.000    0.541E-07    0.463E-08
    12.100     0.000    0.520E-07    0.545E-08
    12.200     0.000    0.591E-07    0.455E-08
    12.300     0.000    0.631E-07    0.656E-08
    12.400     0.000    0.695E-07    0.532E-08
    12.500     0.000    0.770E-07    0.645E-08
    12.600     0.000    0.833E-07    0.558E-08
    12.700     0.000    0.867E-07    0.553E-08
    12.800     0.000    0.935E-07    0.590E-08
    12.900     0.000    0.988E-07    0.585E-08
    13.000     0.000    0.109E-06    0.540E-08
    13.100     0.000    0.122E-06    0.576E-08
    13.200     0.000    0.127E-06    0.572E-08
    13.300     0.000    0.130E-06    0.567E-08
    13.400     0.000    0.121E-06    0.492E-08
    13.500     0.000    0.118E-06    0.598E-08
    13.600     0.000    0.117E-06    0.593E-08
    13.700     0.000    0.130E-06    0.589E-08
    13.800     0.000    0.141E-06    0.547E-08
    13.900     0.000    0.152E-06    0.655E-08
    14.000     0.000    0.167E-06    0.539E-08
    14.100     0.000    0.170E-06    0.468E-08
    14.200     0.000    0.173E-06    0.641E-08
    14.300     0.000    0.176E-06    0.461E-08
    14.400     0.000    0.177E-06    0.524E-08
    14.500     0.000    0.186E-06    0.730E-08
    14.600     0.000    0.197E-06    0.968E-08
    14.700     0.000    0.217E-06    0.720E-08
    14.800     0.000    0.231E-06    0.580E-08
    14.900     0.000    0.240E-06    0.949E-08
    15.000     0.000    0.249E-06    0.943E-08
    15.100     0.000    0.252E-06    0.632E-08
    15.200     0.000    0.255E-06    0.673E-08
    15.300     0.000    0.257E-06    0.805E-08
    15.400     0.000    0.274E-06    0.867E-08
    15.500     0.000    0.294E-06    0.990E-08
    15.600     0.000    0.317E-06    0.923E-08
    15.700     0.000    0.329E-06    0.851E-08
    15.800     0.000    0.341E-06    0.648E-08
    15.900     0.000    0.344E-06    0.906E-08
    16.000     0.000    0.345E-06    0.835E-08
    16.100     0.000    0.378E-06    0.894E-08
    16.200     0.000    0.420E-06    0.146E-07
    16.300     0.000    0.441E-06    0.183E-07
    16.400     0.000    0.463E-06    0.213E-07
    16.500     0.000    0.462E-06    0.180E-07
    16.600     0.000    0.440E-06    0.111E-07
    16.700     0.000    0.363E-06    0.160E-07
    16.800     0.000    0.297E-06    0.196E-07
    16.900     0.000    0.273E-06    0.122E-07
    17.000     0.000    0.276E-06    0.193E-07
    17.100     0.000    0.302E-06    0.168E-07
    17.200     0.000    0.328E-06    0.185E-07
    17.300     0.000    0.371E-06    0.113E-07
    17.400     0.000    0.389E-06    0.827E-08
    17.500     0.000    0.392E-06    0.937E-08
    17.600     0.000    0.383E-06    0.111E-07
    17.700     0.000    0.368E-06    0.116E-07
    17.800     0.000    0.348E-06    0.921E-08
    17.900     0.000    0.343E-06    0.138E-07
    18.000     0.000    0.341E-06    0.154E-07
    18.100     0.000    0.342E-06    0.795E-08
    18.200     0.000    0.341E-06    0.510E-08
    18.300     0.000    0.342E-06    0.450E-08
    18.400     0.000    0.339E-06    0.335E-08
    18.500     0.000    0.328E-06    0.666E-08
    18.600     0.000    0.319E-06    0.662E-08
    18.700     0.000    0.343E-06    0.770E-08
    18.800     0.000    0.372E-06    0.655E-08
    18.900     0.000    0.383E-06    0.652E-08
    19.000     0.000    0.372E-06    0.648E-08
    19.100     0.000    0.341E-06    0.913E-08
    19.200     0.000    0.290E-06    0.134E-07
    19.300     0.000    0.256E-06    0.170E-07
    19.400     0.000    0.234E-06    0.116E-07
    19.500     0.000    0.220E-06    0.137E-07
    19.600     0.000    0.219E-06    0.110E-07
    19.700     0.000    0.229E-06    0.104E-07
    19.800     0.000    0.255E-06    0.124E-07
    19.900     0.000    0.288E-06    0.134E-07
    20.000     0.000    0.307E-06    0.123E-07
    20.100     0.000    0.313E-06    0.138E-07
    20.200     0.000    0.310E-06    0.117E-07
    20.300     0.000    0.302E-06    0.170E-07
    20.400     0.000    0.286E-06    0.219E-07
    20.500     0.000    0.255E-06    0.173E-07
    20.600     0.000    0.232E-06    0.189E-07
    20.700     0.000    0.214E-06    0.162E-07
    20.800     0.000    0.201E-06    0.717E-08
    20.900     0.000    0.183E-06    0.706E-08
    21.000     0.000    0.186E-06    0.661E-08
    21.100     0.000    0.206E-06    0.662E-08
    21.200     0.000    0.207E-06    0.745E-08
    21.300     0.000    0.194E-06    0.656E-08
    21.400     0.000    0.171E-06    0.782E-08
    21.500     0.000    0.161E-06    0.908E-08
    21.600     0.000    0.135E-06    0.691E-08
    21.700     0.000    0.131E-06    0.899E-08
    21.800     0.000    0.135E-06    0.000E+00
    21.900     0.000    0.145E-06    0.808E-08
    22.000     0.000    0.156E-06    0.110E-07
    22.100     0.000    0.168E-06    0.840E-08
    22.200     0.000    0.174E-06    0.711E-08
    22.300     0.000    0.173E-06    0.626E-08
    22.400     0.000    0.160E-06    0.666E-08
    22.500     0.000    0.135E-06    0.702E-08
    22.600     0.000    0.111E-06    0.906E-08
    22.700     0.000    0.886E-07    0.102E-07
    22.800     0.000    0.692E-07    0.940E-08
    22.900     0.000    0.466E-07    0.852E-08
    23.000     0.000    0.426E-07    0.807E-08
    23.100     0.000    0.571E-07    0.879E-08
    23.200     0.000    0.950E-07    0.100E-07
    23.300     0.000    0.131E-06    0.998E-08
    23.400     0.000    0.148E-06    0.127E-07
    23.500     0.000    0.154E-06    0.989E-08
    23.600     0.000    0.148E-06    0.867E-08
    23.700     0.000    0.143E-06    0.856E-08
    23.800     0.000    0.140E-06    0.900E-08
    23.900     0.000    0.121E-06    0.700E-08
    24.000     0.000    0.104E-06    0.658E-08
    24.100     0.000    0.993E-07    0.889E-08
    24.200     0.000    0.108E-06    0.961E-08
    24.300     0.000    0.124E-06    0.842E-08
    24.400     0.000    0.138E-06    0.878E-08
    24.500     0.000    0.138E-06    0.836E-08
    24.600     0.000    0.129E-06    0.719E-08
    24.700     0.000    0.114E-06    0.829E-08
    24.800     0.000    0.113E-06    0.787E-08
    24.900     0.000    0.114E-06    0.745E-08
    25.000     0.000    0.124E-06    0.670E-08
    25.100     0.000    0.134E-06    0.778E-08
    25.200     0.000    0.140E-06    0.737E-08
    25.300     0.000    0.138E-06    0.706E-08
    25.400     0.000    0.132E-06    0.683E-08
    25.500     0.000    0.113E-06    0.813E-08
    25.600     0.000    0.107E-06    0.525E-08
    25.700     0.000    0.107E-06    0.435E-08
    25.800     0.000    0.108E-06    0.891E-08
    25.900     0.000    0.117E-06    0.733E-08
    26.000     0.000    0.119E-06    0.474E-08
    26.100     0.000    0.123E-06    0.449E-08
    26.200     0.000    0.125E-06    0.513E-08
    26.300     0.000    0.129E-06    0.406E-08
    26.400     0.000    0.132E-06    0.153E-07
    26.500     0.000    0.128E-06    0.129E-07
    26.600     0.000    0.124E-06    0.132E-07
    26.700     0.000    0.121E-06    0.166E-07
    26.800     0.000    0.111E-06    0.165E-07
    26.900     0.000    0.102E-06    0.152E-07
    27.000     0.000    0.925E-07    0.149E-07
    27.100     0.000    0.832E-07    0.557E-08
    27.200     0.000    0.733E-07    0.638E-08
