# fe1_exp_050_120_photoneut_1974Sor.dat                  
#
# Z = 50, A =120
# No. of entries:  172
# Col 1: photon energy E in MeV
# Col 2: bin width dE in MeV
# Col 3: dipole strength f1 in MeV^-3
# Col 4: uncertainty df1 in MeV^-3
# Format: 2f10.3, 2e13.3
# Author:   1974Sor  Y.I.Sorokin, B.A.Yurev;  Yad.Fiz. 20, 233 (1974); (Sov.J.Nucl.Phys. 20, 123 (1975)).                                                        
#    E         dE       f1           df1
     9.200     0.000    0.196E-06    0.000E+00
     9.300     0.000    0.223E-06    0.000E+00
     9.400     0.000    0.236E-06    0.000E+00
     9.500     0.000    0.247E-06    0.000E+00
     9.600     0.000    0.215E-06    0.000E+00
     9.700     0.000    0.224E-06    0.000E+00
     9.800     0.000    0.303E-06    0.000E+00
     9.900     0.000    0.263E-06    0.000E+00
    10.000     0.000    0.356E-06    0.000E+00
    10.100     0.000    0.261E-06    0.000E+00
    10.200     0.000    0.203E-06    0.000E+00
    10.300     0.000    0.288E-06    0.000E+00
    10.400     0.000    0.428E-06    0.000E+00
    10.500     0.000    0.363E-06    0.000E+00
    10.600     0.000    0.335E-06    0.000E+00
    10.700     0.000    0.420E-06    0.000E+00
    10.800     0.000    0.467E-06    0.000E+00
    10.900     0.000    0.353E-06    0.000E+00
    11.000     0.000    0.449E-06    0.000E+00
    11.100     0.000    0.399E-06    0.000E+00
    11.200     0.000    0.344E-06    0.000E+00
    11.300     0.000    0.551E-06    0.000E+00
    11.400     0.000    0.514E-06    0.000E+00
    11.500     0.000    0.387E-06    0.000E+00
    11.600     0.000    0.576E-06    0.000E+00
    11.700     0.000    0.710E-06    0.000E+00
    11.800     0.000    0.628E-06    0.000E+00
    11.900     0.000    0.758E-06    0.000E+00
    12.000     0.000    0.626E-06    0.000E+00
    12.100     0.000    0.683E-06    0.000E+00
    12.200     0.000    0.761E-06    0.000E+00
    12.300     0.000    0.657E-06    0.000E+00
    12.400     0.000    0.755E-06    0.000E+00
    12.500     0.000    0.652E-06    0.000E+00
    12.600     0.000    0.929E-06    0.000E+00
    12.700     0.000    0.710E-06    0.000E+00
    12.800     0.000    0.915E-06    0.000E+00
    12.900     0.000    0.982E-06    0.000E+00
    13.000     0.000    0.947E-06    0.000E+00
    13.100     0.000    0.973E-06    0.000E+00
    13.200     0.000    0.979E-06    0.000E+00
    13.300     0.000    0.118E-05    0.000E+00
    13.400     0.000    0.123E-05    0.000E+00
    13.500     0.000    0.127E-05    0.000E+00
    13.600     0.000    0.138E-05    0.000E+00
    13.700     0.000    0.139E-05    0.000E+00
    13.800     0.000    0.140E-05    0.000E+00
    13.900     0.000    0.146E-05    0.000E+00
    14.000     0.000    0.138E-05    0.000E+00
    14.100     0.000    0.146E-05    0.000E+00
    14.200     0.000    0.156E-05    0.000E+00
    14.300     0.000    0.140E-05    0.000E+00
    14.400     0.000    0.161E-05    0.000E+00
    14.500     0.000    0.163E-05    0.000E+00
    14.600     0.000    0.176E-05    0.000E+00
    14.700     0.000    0.158E-05    0.000E+00
    14.800     0.000    0.154E-05    0.000E+00
    14.900     0.000    0.173E-05    0.000E+00
    15.000     0.000    0.156E-05    0.000E+00
    15.100     0.000    0.172E-05    0.000E+00
    15.200     0.000    0.157E-05    0.000E+00
    15.300     0.000    0.142E-05    0.000E+00
    15.400     0.000    0.148E-05    0.000E+00
    15.500     0.000    0.156E-05    0.000E+00
    15.600     0.000    0.148E-05    0.000E+00
    15.700     0.000    0.156E-05    0.000E+00
    15.800     0.000    0.142E-05    0.000E+00
    15.900     0.000    0.146E-05    0.000E+00
    16.000     0.000    0.158E-05    0.000E+00
    16.100     0.000    0.147E-05    0.000E+00
    16.200     0.000    0.138E-05    0.000E+00
    16.300     0.000    0.133E-05    0.000E+00
    16.400     0.000    0.130E-05    0.000E+00
    16.500     0.000    0.128E-05    0.000E+00
    16.600     0.000    0.125E-05    0.000E+00
    16.700     0.000    0.122E-05    0.000E+00
    16.800     0.000    0.118E-05    0.000E+00
    16.900     0.000    0.114E-05    0.000E+00
    17.000     0.000    0.111E-05    0.000E+00
    17.100     0.000    0.108E-05    0.000E+00
    17.200     0.000    0.103E-05    0.000E+00
    17.300     0.000    0.102E-05    0.000E+00
    17.400     0.000    0.982E-06    0.000E+00
    17.500     0.000    0.947E-06    0.000E+00
    17.600     0.000    0.912E-06    0.000E+00
    17.700     0.000    0.877E-06    0.000E+00
    17.800     0.000    0.858E-06    0.000E+00
    17.900     0.000    0.819E-06    0.000E+00
    18.000     0.000    0.781E-06    0.000E+00
    18.100     0.000    0.776E-06    0.000E+00
    18.200     0.000    0.743E-06    0.000E+00
    18.300     0.000    0.711E-06    0.000E+00
    18.400     0.000    0.693E-06    0.000E+00
    18.500     0.000    0.675E-06    0.000E+00
    18.600     0.000    0.644E-06    0.000E+00
    18.700     0.000    0.631E-06    0.000E+00
    18.800     0.000    0.600E-06    0.000E+00
    18.900     0.000    0.574E-06    0.000E+00
    19.000     0.000    0.548E-06    0.000E+00
    19.100     0.000    0.586E-06    0.000E+00
    19.200     0.000    0.501E-06    0.000E+00
    19.300     0.000    0.494E-06    0.000E+00
    19.400     0.000    0.487E-06    0.000E+00
    19.500     0.000    0.471E-06    0.000E+00
    19.600     0.000    0.460E-06    0.000E+00
    19.700     0.000    0.453E-06    0.000E+00
    19.800     0.000    0.442E-06    0.000E+00
    19.900     0.000    0.432E-06    0.000E+00
    20.000     0.000    0.408E-06    0.000E+00
    20.100     0.000    0.398E-06    0.000E+00
    20.200     0.000    0.382E-06    0.000E+00
    20.300     0.000    0.354E-06    0.000E+00
    20.400     0.000    0.334E-06    0.000E+00
    20.500     0.000    0.329E-06    0.000E+00
    20.600     0.000    0.302E-06    0.000E+00
    20.700     0.000    0.293E-06    0.000E+00
    20.800     0.000    0.278E-06    0.000E+00
    20.900     0.000    0.270E-06    0.000E+00
    21.000     0.000    0.254E-06    0.000E+00
    21.100     0.000    0.246E-06    0.000E+00
    21.200     0.000    0.240E-06    0.000E+00
    21.300     0.000    0.237E-06    0.000E+00
    21.400     0.000    0.229E-06    0.000E+00
    21.500     0.000    0.223E-06    0.000E+00
    21.600     0.000    0.220E-06    0.000E+00
    21.700     0.000    0.215E-06    0.000E+00
    21.800     0.000    0.212E-06    0.000E+00
    21.900     0.000    0.206E-06    0.000E+00
    22.000     0.000    0.202E-06    0.000E+00
    22.100     0.000    0.197E-06    0.000E+00
    22.200     0.000    0.194E-06    0.000E+00
    22.300     0.000    0.193E-06    0.000E+00
    22.400     0.000    0.185E-06    0.000E+00
    22.500     0.000    0.178E-06    0.000E+00
    22.600     0.000    0.175E-06    0.000E+00
    22.700     0.000    0.173E-06    0.000E+00
    22.800     0.000    0.169E-06    0.000E+00
    22.900     0.000    0.170E-06    0.000E+00
    23.000     0.000    0.174E-06    0.000E+00
    23.100     0.000    0.174E-06    0.000E+00
    23.200     0.000    0.178E-06    0.000E+00
    23.300     0.000    0.178E-06    0.000E+00
    23.400     0.000    0.183E-06    0.000E+00
    23.500     0.000    0.186E-06    0.000E+00
    23.600     0.000    0.189E-06    0.000E+00
    23.700     0.000    0.190E-06    0.000E+00
    23.800     0.000    0.193E-06    0.000E+00
    23.900     0.000    0.199E-06    0.000E+00
    24.000     0.000    0.198E-06    0.000E+00
    24.100     0.000    0.194E-06    0.000E+00
    24.200     0.000    0.192E-06    0.000E+00
    24.300     0.000    0.189E-06    0.000E+00
    24.400     0.000    0.182E-06    0.000E+00
    24.500     0.000    0.175E-06    0.000E+00
    24.600     0.000    0.163E-06    0.000E+00
    24.700     0.000    0.158E-06    0.000E+00
    24.800     0.000    0.155E-06    0.000E+00
    24.900     0.000    0.152E-06    0.000E+00
    25.000     0.000    0.148E-06    0.000E+00
    25.100     0.000    0.144E-06    0.000E+00
    25.200     0.000    0.141E-06    0.000E+00
    25.300     0.000    0.139E-06    0.000E+00
    25.400     0.000    0.137E-06    0.000E+00
    25.500     0.000    0.134E-06    0.000E+00
    25.600     0.000    0.137E-06    0.000E+00
    25.700     0.000    0.138E-06    0.000E+00
    25.800     0.000    0.138E-06    0.000E+00
    25.900     0.000    0.146E-06    0.000E+00
    26.000     0.000    0.148E-06    0.000E+00
    26.100     0.000    0.152E-06    0.000E+00
    26.200     0.000    0.168E-06    0.000E+00
    26.300     0.000    0.172E-06    0.000E+00
