  0.74761905E+01     0.74626866E+01     0.74626866E+01
  0.84761905E+01     0.23880597E+02     0.89552239E+01
  0.94285714E+01     0.58208955E+02     0.13432836E+02
  0.10476190E+02     0.73134328E+02     0.16417910E+02
  0.11523810E+02     0.43283582E+02     0.16417910E+02
  0.12476190E+02     0.62686567E+02     0.20895522E+02
  0.13523810E+02     0.97014925E+02     0.31343284E+02
  0.14476190E+02     0.17014925E+03     0.47761194E+02
  0.15523810E+02     0.29253731E+03     0.62686567E+02
  0.16476190E+02     0.24626866E+03     0.70149254E+02
  0.17523810E+02     0.31194030E+03     0.82089552E+02
  0.18571429E+02     0.18358209E+03     0.76119403E+02
  0.19523810E+02     0.18805970E+03     0.80597015E+02
  0.20476190E+02     0.25373134E+03     0.98507463E+02
  0.21523810E+02     0.22388060E+03     0.95522388E+02
  0.22571429E+02     0.31194030E+03     0.10597015E+03
  0.23523810E+02     0.25970149E+03     0.16119403E+03
  0.24523810E+02     0.25522388E+03     0.16567164E+03
