1.640 0.288E-08 0.5E-07
1.760 0.300E-08 0.5E-07
1.880 0.258E-08 0.5E-07
2.000 0.232E-08 0.5E-07
2.120 0.236E-08 0.5E-07
2.240 0.230E-08 0.5E-07
2.360 0.262E-08 0.5E-07
2.480 0.296E-08 0.5E-07
2.600 0.296E-08 0.5E-07
2.720 0.386E-08 0.5E-07
2.840 0.398E-08 0.5E-07
2.960 0.324E-08 0.5E-07
3.080 0.187E-08 0.5E-07
3.200 0.218E-08 0.5E-07
3.320 0.404E-08 0.5E-07
3.440 0.419E-08 0.5E-07
3.560 0.344E-08 0.5E-07
3.680 0.470E-08 0.5E-07
3.800 0.574E-08 0.5E-07
3.920 0.694E-08 0.5E-07
4.040 0.714E-08 0.5E-07
4.160 0.470E-08 0.5E-07
4.280 0.505E-08 0.5E-07
4.400 0.525E-08 0.5E-07
4.520 0.617E-08 0.5E-07
4.640 0.706E-08 0.5E-07
4.760 0.675E-08 0.5E-07
4.880 0.666E-08 0.5E-07
5.000 0.762E-08 0.5E-07
5.120 0.698E-08 0.5E-07
5.240 0.632E-08 0.5E-07
5.360 0.110E-07 0.5E-07
5.480 0.183E-07 0.5E-07
5.600 0.271E-07 0.5E-07
5.720 0.304E-07 0.5E-07
5.840 0.321E-07 0.5E-07
5.960 0.429E-07 0.5E-07
6.080 0.449E-07 0.5E-07
6.200 0.520E-07 0.5E-07
6.320 0.471E-07 0.5E-07
6.440 0.419E-07 0.5E-07
6.560 0.511E-07 0.5E-07
6.680 0.493E-07 0.5E-07
6.800 0.659E-07 0.5E-07
6.920 0.917E-07 0.5E-07
7.040 0.716E-07 0.5E-07
7.160 0.835E-07 0.5E-07
7.280 0.121E-06 0.5E-07
7.400 0.790E-07 0.5E-07
7.520 0.569E-07 0.5E-07
7.640 0.844E-07 0.5E-07
7.760 0.674E-07 0.5E-07
8.900 0.797E-07 0.5E-07
9.000 0.820E-07 0.5E-07
9.100 0.870E-07 0.5E-07
9.200 0.922E-07 0.5E-07
9.300 0.830E-07 0.5E-07
9.400 0.872E-07 0.5E-07
9.500 0.986E-07 0.5E-07
9.600 0.107E-06 0.5E-07
9.700 0.111E-06 0.5E-07
9.800 0.102E-06 0.5E-07
9.900 0.127E-06 0.5E-07
10.000 0.138E-06 0.5E-07
10.100 0.187E-06 0.5E-07
10.200 0.162E-06 0.5E-07
10.300 0.170E-06 0.5E-07
10.400 0.190E-06 0.5E-07
10.500 0.216E-06 0.5E-07
10.600 0.221E-06 0.5E-07
10.700 0.241E-06 0.5E-07
10.800 0.262E-06 0.5E-07
10.900 0.267E-06 0.5E-07
11.000 0.308E-06 0.5E-07
11.100 0.309E-06 0.5E-07
11.200 0.336E-06 0.5E-07
11.300 0.350E-06 0.5E-07
11.400 0.356E-06 0.5E-07
11.500 0.370E-06 0.5E-07
11.600 0.394E-06 0.5E-07
11.700 0.430E-06 0.5E-07
11.800 0.456E-06 0.5E-07
11.900 0.466E-06 0.5E-07
12.000 0.506E-06 0.5E-07
12.100 0.514E-06 0.5E-07
12.200 0.554E-06 0.5E-07
12.300 0.562E-06 0.5E-07
12.400 0.617E-06 0.5E-07
12.500 0.634E-06 0.5E-07
12.600 0.716E-06 0.5E-07
12.700 0.710E-06 0.5E-07
12.800 0.793E-06 0.5E-07
12.900 0.800E-06 0.5E-07
13.000 0.787E-06 0.5E-07
13.100 0.900E-06 0.5E-07
13.200 0.907E-06 0.5E-07
13.300 0.952E-06 0.5E-07
13.400 0.971E-06 0.5E-07
13.500 0.100E-05 0.5E-07
13.600 0.105E-05 0.5E-07
13.700 0.111E-05 0.5E-07
13.800 0.117E-05 0.5E-07
13.900 0.118E-05 0.5E-07
14.000 0.120E-05 0.5E-07
14.100 0.130E-05 0.5E-07
14.200 0.125E-05 0.5E-07
14.300 0.143E-05 0.5E-07
14.400 0.137E-05 0.5E-07
14.500 0.137E-05 0.5E-07
14.600 0.142E-05 0.5E-07
14.700 0.148E-05 0.5E-07
14.800 0.149E-05 0.5E-07
14.900 0.150E-05 0.5E-07
15.000 0.151E-05 0.5E-07
15.100 0.156E-05 0.5E-07
15.200 0.152E-05 0.5E-07
15.300 0.154E-05 0.5E-07
15.400 0.160E-05 0.5E-07
15.500 0.146E-05 0.5E-07
15.600 0.142E-05 0.5E-07
15.700 0.140E-05 0.5E-07
15.800 0.134E-05 0.5E-07
15.900 0.135E-05 0.5E-07
16.000 0.129E-05 0.5E-07
16.100 0.127E-05 0.5E-07
16.200 0.124E-05 0.5E-07
16.300 0.121E-05 0.5E-07
16.400 0.118E-05 0.5E-07
16.500 0.115E-05 0.5E-07
16.600 0.112E-05 0.5E-07
16.700 0.109E-05 0.5E-07
16.800 0.106E-05 0.5E-07
16.900 0.102E-05 0.5E-07
17.000 0.964E-06 0.5E-07
17.100 0.928E-06 0.5E-07
17.200 0.888E-06 0.5E-07
17.300 0.817E-06 0.5E-07
17.400 0.788E-06 0.5E-07
17.500 0.743E-06 0.5E-07
17.600 0.724E-06 0.5E-07
17.700 0.701E-06 0.5E-07
17.800 0.682E-06 0.5E-07
17.900 0.669E-06 0.5E-07
18.000 0.646E-06 0.5E-07
18.100 0.633E-06 0.5E-07
18.200 0.620E-06 0.5E-07
18.300 0.611E-06 0.5E-07
18.400 0.580E-06 0.5E-07
18.500 0.567E-06 0.5E-07
18.600 0.546E-06 0.5E-07
18.700 0.529E-06 0.5E-07
18.800 0.498E-06 0.5E-07
18.900 0.477E-06 0.5E-07
19.000 0.461E-06 0.5E-07
19.100 0.444E-06 0.5E-07
19.200 0.427E-06 0.5E-07
19.300 0.423E-06 0.5E-07
19.400 0.412E-06 0.5E-07
19.500 0.404E-06 0.5E-07
19.600 0.397E-06 0.5E-07
19.700 0.387E-06 0.5E-07
19.800 0.385E-06 0.5E-07
19.900 0.383E-06 0.5E-07
20.000 0.380E-06 0.5E-07
20.100 0.372E-06 0.5E-07
20.200 0.364E-06 0.5E-07
20.300 0.357E-06 0.5E-07
20.400 0.347E-06 0.5E-07
20.500 0.337E-06 0.5E-07
20.600 0.330E-06 0.5E-07
20.700 0.322E-06 0.5E-07
20.800 0.299E-06 0.5E-07
20.900 0.287E-06 0.5E-07
21.000 0.284E-06 0.5E-07
21.100 0.270E-06 0.5E-07
21.200 0.267E-06 0.5E-07
21.300 0.263E-06 0.5E-07
21.400 0.259E-06 0.5E-07
21.500 0.259E-06 0.5E-07
21.600 0.258E-06 0.5E-07
21.700 0.257E-06 0.5E-07
21.800 0.259E-06 0.5E-07
21.900 0.260E-06 0.5E-07
22.000 0.263E-06 0.5E-07
22.100 0.263E-06 0.5E-07
22.200 0.261E-06 0.5E-07
22.300 0.265E-06 0.5E-07
22.400 0.265E-06 0.5E-07
22.500 0.274E-06 0.5E-07
22.600 0.275E-06 0.5E-07
22.700 0.277E-06 0.5E-07
22.800 0.278E-06 0.5E-07
22.900 0.278E-06 0.5E-07
23.000 0.277E-06 0.5E-07
23.100 0.278E-06 0.5E-07
23.200 0.256E-06 0.5E-07
23.300 0.255E-06 0.5E-07
23.400 0.230E-06 0.5E-07
23.500 0.217E-06 0.5E-07
23.600 0.204E-06 0.5E-07
23.700 0.179E-06 0.5E-07
23.800 0.171E-06 0.5E-07
23.900 0.165E-06 0.5E-07
24.000 0.163E-06 0.5E-07
24.100 0.162E-06 0.5E-07
24.200 0.166E-06 0.5E-07
24.300 0.171E-06 0.5E-07
24.400 0.175E-06 0.5E-07
24.500 0.184E-06 0.5E-07
24.600 0.209E-06 0.5E-07
24.700 0.215E-06 0.5E-07
24.800 0.228E-06 0.5E-07
24.900 0.232E-06 0.5E-07
25.000 0.233E-06 0.5E-07
25.100 0.223E-06 0.5E-07
25.200 0.211E-06 0.5E-07
8.900 0.797E-07 0.5E-07
9.000 0.820E-07 0.5E-07
9.100 0.870E-07 0.5E-07
9.200 0.922E-07 0.5E-07
9.300 0.830E-07 0.5E-07
9.400 0.872E-07 0.5E-07
9.500 0.986E-07 0.5E-07
9.600 0.107E-06 0.5E-07
9.700 0.111E-06 0.5E-07
9.800 0.102E-06 0.5E-07
9.900 0.127E-06 0.5E-07
10.000 0.138E-06 0.5E-07
10.100 0.187E-06 0.5E-07
10.200 0.162E-06 0.5E-07
10.300 0.170E-06 0.5E-07
10.400 0.190E-06 0.5E-07
10.500 0.216E-06 0.5E-07
10.600 0.221E-06 0.5E-07
10.700 0.241E-06 0.5E-07
10.800 0.262E-06 0.5E-07
10.900 0.267E-06 0.5E-07
11.000 0.308E-06 0.5E-07
11.100 0.309E-06 0.5E-07
11.200 0.336E-06 0.5E-07
11.300 0.350E-06 0.5E-07
11.400 0.356E-06 0.5E-07
11.500 0.370E-06 0.5E-07
11.600 0.394E-06 0.5E-07
11.700 0.430E-06 0.5E-07
11.800 0.456E-06 0.5E-07
11.900 0.466E-06 0.5E-07
12.000 0.506E-06 0.5E-07
12.100 0.514E-06 0.5E-07
12.200 0.554E-06 0.5E-07
12.300 0.562E-06 0.5E-07
12.400 0.617E-06 0.5E-07
12.500 0.634E-06 0.5E-07
12.600 0.716E-06 0.5E-07
12.700 0.710E-06 0.5E-07
12.800 0.793E-06 0.5E-07
12.900 0.800E-06 0.5E-07
13.000 0.787E-06 0.5E-07
13.100 0.900E-06 0.5E-07
13.200 0.907E-06 0.5E-07
13.300 0.952E-06 0.5E-07
13.400 0.971E-06 0.5E-07
13.500 0.100E-05 0.5E-07
13.600 0.105E-05 0.5E-07
13.700 0.111E-05 0.5E-07
13.800 0.117E-05 0.5E-07
13.900 0.118E-05 0.5E-07
14.000 0.120E-05 0.5E-07
14.100 0.130E-05 0.5E-07
14.200 0.125E-05 0.5E-07
14.300 0.143E-05 0.5E-07
14.400 0.137E-05 0.5E-07
14.500 0.137E-05 0.5E-07
14.600 0.142E-05 0.5E-07
14.700 0.148E-05 0.5E-07
14.800 0.149E-05 0.5E-07
14.900 0.150E-05 0.5E-07
15.000 0.151E-05 0.5E-07
15.100 0.156E-05 0.5E-07
15.200 0.150E-05 0.5E-07
15.300 0.149E-05 0.5E-07
15.400 0.152E-05 0.5E-07
15.500 0.142E-05 0.5E-07
15.600 0.142E-05 0.5E-07
15.700 0.137E-05 0.5E-07
15.800 0.131E-05 0.5E-07
15.900 0.127E-05 0.5E-07
16.000 0.127E-05 0.5E-07
16.100 0.117E-05 0.5E-07
16.200 0.122E-05 0.5E-07
16.300 0.118E-05 0.5E-07
16.400 0.116E-05 0.5E-07
16.500 0.110E-05 0.5E-07
16.600 0.103E-05 0.5E-07
16.700 0.992E-06 0.5E-07
16.800 0.996E-06 0.5E-07
16.900 0.955E-06 0.5E-07
17.000 0.918E-06 0.5E-07
17.100 0.852E-06 0.5E-07
17.200 0.812E-06 0.5E-07
17.300 0.837E-06 0.5E-07
17.400 0.713E-06 0.5E-07
17.500 0.699E-06 0.5E-07
17.600 0.729E-06 0.5E-07
17.700 0.637E-06 0.5E-07
17.800 0.633E-06 0.5E-07
17.900 0.591E-06 0.5E-07
18.000 0.612E-06 0.5E-07
18.100 0.628E-06 0.5E-07
18.200 0.591E-06 0.5E-07
18.300 0.521E-06 0.5E-07
18.400 0.580E-06 0.5E-07
18.500 0.563E-06 0.5E-07
18.600 0.555E-06 0.5E-07
18.700 0.584E-06 0.5E-07
18.800 0.446E-06 0.5E-07
18.900 0.419E-06 0.5E-07
19.000 0.398E-06 0.5E-07
19.100 0.419E-06 0.5E-07
19.200 0.391E-06 0.5E-07
19.300 0.454E-06 0.5E-07
19.400 0.387E-06 0.5E-07
19.500 0.389E-06 0.5E-07
19.600 0.415E-06 0.5E-07
19.700 0.394E-06 0.5E-07
19.800 0.392E-06 0.5E-07
19.900 0.343E-06 0.5E-07
20.000 0.433E-06 0.5E-07
20.100 0.391E-06 0.5E-07
20.200 0.428E-06 0.5E-07
20.300 0.350E-06 0.5E-07
20.400 0.377E-06 0.5E-07
20.500 0.427E-06 0.5E-07
20.600 0.325E-06 0.5E-07
20.700 0.247E-06 0.5E-07
20.800 0.318E-06 0.5E-07
20.900 0.265E-06 0.5E-07
21.000 0.333E-06 0.5E-07
21.100 0.283E-06 0.5E-07
21.200 0.311E-06 0.5E-07
21.300 0.295E-06 0.5E-07
21.400 0.189E-06 0.5E-07
21.500 0.253E-06 0.5E-07
21.600 0.340E-06 0.5E-07
21.700 0.234E-06 0.5E-07
21.800 0.192E-06 0.5E-07
21.900 0.307E-06 0.5E-07
22.000 0.322E-06 0.5E-07
22.100 0.284E-06 0.5E-07
22.200 0.235E-06 0.5E-07
22.300 0.220E-06 0.5E-07
22.400 0.259E-06 0.5E-07
22.500 0.279E-06 0.5E-07
22.600 0.303E-06 0.5E-07
22.700 0.301E-06 0.5E-07
22.800 0.239E-06 0.5E-07
22.900 0.298E-06 0.5E-07
23.000 0.265E-06 0.5E-07
23.100 0.335E-06 0.5E-07
23.200 0.320E-06 0.5E-07
23.300 0.312E-06 0.5E-07
23.400 0.292E-06 0.5E-07
23.500 0.253E-06 0.5E-07
23.600 0.312E-06 0.5E-07
23.700 0.288E-06 0.5E-07
23.800 0.193E-06 0.5E-07
23.900 0.130E-06 0.5E-07
24.000 0.179E-06 0.5E-07
24.100 0.160E-06 0.5E-07
24.200 0.202E-06 0.5E-07
24.300 0.110E-06 0.5E-07
24.400 0.190E-06 0.5E-07
24.500 0.204E-06 0.5E-07
24.600 0.205E-06 0.5E-07
24.700 0.213E-06 0.5E-07
24.800 0.261E-06 0.5E-07
24.900 0.259E-06 0.5E-07
25.000 0.230E-06 0.5E-07
25.100 0.212E-06 0.5E-07
25.200 0.212E-06 0.5E-07
8.880 0.152E-06 0.5E-07
9.010 0.159E-06 0.5E-07
9.180 0.152E-06 0.5E-07
9.490 0.168E-06 0.5E-07
9.530 0.196E-06 0.5E-07
9.830 0.199E-06 0.5E-07
10.200 0.246E-06 0.5E-07
10.740 0.291E-06 0.5E-07
11.000 0.336E-06 0.5E-07
11.520 0.383E-06 0.5E-07
11.940 0.490E-06 0.5E-07
