1.640 0.288E-08 0.200E-09
1.760 0.300E-08 0.188E-09
1.880 0.258E-08 0.165E-09
2.000 0.232E-08 0.175E-09
2.120 0.236E-08 0.178E-09
2.240 0.230E-08 0.175E-09
2.360 0.262E-08 0.188E-09
2.480 0.296E-08 0.159E-09
2.600 0.296E-08 0.152E-09
2.720 0.386E-08 0.143E-09
2.840 0.398E-08 0.152E-09
2.960 0.324E-08 0.161E-09
3.080 0.187E-08 0.137E-09
3.200 0.218E-08 0.160E-09
3.320 0.404E-08 0.234E-09
3.440 0.419E-08 0.233E-09
3.560 0.344E-08 0.199E-09
3.680 0.470E-08 0.223E-09
3.800 0.574E-08 0.258E-09
3.920 0.694E-08 0.279E-09
4.040 0.714E-08 0.350E-09
4.160 0.470E-08 0.273E-09
4.280 0.505E-08 0.347E-09
4.400 0.525E-08 0.475E-09
4.520 0.617E-08 0.587E-09
4.640 0.706E-08 0.598E-09
4.760 0.675E-08 0.538E-09
4.880 0.666E-08 0.560E-09
5.000 0.762E-08 0.624E-09
5.120 0.698E-08 0.668E-09
5.240 0.632E-08 0.807E-09
5.360 0.110E-07 0.102E-08
5.480 0.183E-07 0.159E-08
5.600 0.271E-07 0.200E-08
5.720 0.304E-07 0.258E-08
5.840 0.321E-07 0.251E-08
5.960 0.429E-07 0.349E-08
6.080 0.449E-07 0.432E-08
6.200 0.520E-07 0.533E-08
6.320 0.471E-07 0.482E-08
6.440 0.419E-07 0.507E-08
6.560 0.511E-07 0.518E-08
6.680 0.493E-07 0.598E-08
6.800 0.659E-07 0.668E-08
6.920 0.917E-07 0.854E-08
7.040 0.716E-07 0.902E-08
7.160 0.835E-07 0.106E-07
7.280 0.121E-06 0.138E-07
7.400 0.790E-07 0.982E-08
7.520 0.569E-07 0.979E-08
7.640 0.844E-07 0.151E-07
7.760 0.674E-07 0.156E-07
8.900 0.797E-07 0.000E+00
9.000 0.820E-07 0.000E+00
9.100 0.870E-07 0.000E+00
9.200 0.922E-07 0.000E+00
9.300 0.830E-07 0.000E+00
9.400 0.872E-07 0.000E+00
9.500 0.986E-07 0.000E+00
9.600 0.107E-06 0.000E+00
9.700 0.111E-06 0.000E+00
9.800 0.102E-06 0.000E+00
9.900 0.127E-06 0.000E+00
10.000 0.138E-06 0.000E+00
10.100 0.187E-06 0.000E+00
10.200 0.162E-06 0.000E+00
10.300 0.170E-06 0.000E+00
10.400 0.190E-06 0.000E+00
10.500 0.216E-06 0.000E+00
10.600 0.221E-06 0.000E+00
10.700 0.241E-06 0.000E+00
10.800 0.262E-06 0.000E+00
10.900 0.267E-06 0.000E+00
11.000 0.308E-06 0.000E+00
11.100 0.309E-06 0.000E+00
11.200 0.336E-06 0.000E+00
11.300 0.350E-06 0.000E+00
11.400 0.356E-06 0.000E+00
11.500 0.370E-06 0.000E+00
11.600 0.394E-06 0.000E+00
11.700 0.430E-06 0.000E+00
11.800 0.456E-06 0.000E+00
11.900 0.466E-06 0.000E+00
12.000 0.506E-06 0.000E+00
12.100 0.514E-06 0.000E+00
12.200 0.554E-06 0.000E+00
12.300 0.562E-06 0.000E+00
12.400 0.617E-06 0.000E+00
12.500 0.634E-06 0.000E+00
12.600 0.716E-06 0.000E+00
12.700 0.710E-06 0.000E+00
12.800 0.793E-06 0.000E+00
12.900 0.800E-06 0.000E+00
13.000 0.787E-06 0.000E+00
13.100 0.900E-06 0.000E+00
13.200 0.907E-06 0.000E+00
13.300 0.952E-06 0.000E+00
13.400 0.971E-06 0.000E+00
13.500 0.100E-05 0.000E+00
13.600 0.105E-05 0.000E+00
13.700 0.111E-05 0.000E+00
13.800 0.117E-05 0.000E+00
13.900 0.118E-05 0.000E+00
14.000 0.120E-05 0.000E+00
14.100 0.130E-05 0.000E+00
14.200 0.125E-05 0.000E+00
14.300 0.143E-05 0.000E+00
14.400 0.137E-05 0.000E+00
14.500 0.137E-05 0.000E+00
14.600 0.142E-05 0.000E+00
14.700 0.148E-05 0.000E+00
14.800 0.149E-05 0.000E+00
14.900 0.150E-05 0.000E+00
15.000 0.151E-05 0.000E+00
15.100 0.156E-05 0.000E+00
15.200 0.152E-05 0.000E+00
15.300 0.154E-05 0.000E+00
15.400 0.160E-05 0.000E+00
15.500 0.146E-05 0.000E+00
15.600 0.142E-05 0.000E+00
15.700 0.140E-05 0.000E+00
15.800 0.134E-05 0.000E+00
15.900 0.135E-05 0.000E+00
16.000 0.129E-05 0.000E+00
16.100 0.127E-05 0.000E+00
16.200 0.124E-05 0.000E+00
16.300 0.121E-05 0.000E+00
16.400 0.118E-05 0.000E+00
16.500 0.115E-05 0.000E+00
16.600 0.112E-05 0.000E+00
16.700 0.109E-05 0.000E+00
16.800 0.106E-05 0.000E+00
16.900 0.102E-05 0.000E+00
17.000 0.964E-06 0.000E+00
17.100 0.928E-06 0.000E+00
17.200 0.888E-06 0.000E+00
17.300 0.817E-06 0.000E+00
17.400 0.788E-06 0.000E+00
17.500 0.743E-06 0.000E+00
17.600 0.724E-06 0.000E+00
17.700 0.701E-06 0.000E+00
17.800 0.682E-06 0.000E+00
17.900 0.669E-06 0.000E+00
18.000 0.646E-06 0.000E+00
18.100 0.633E-06 0.000E+00
18.200 0.620E-06 0.000E+00
18.300 0.611E-06 0.000E+00
18.400 0.580E-06 0.000E+00
18.500 0.567E-06 0.000E+00
18.600 0.546E-06 0.000E+00
18.700 0.529E-06 0.000E+00
18.800 0.498E-06 0.000E+00
18.900 0.477E-06 0.000E+00
19.000 0.461E-06 0.000E+00
19.100 0.444E-06 0.000E+00
19.200 0.427E-06 0.000E+00
19.300 0.423E-06 0.000E+00
19.400 0.412E-06 0.000E+00
19.500 0.404E-06 0.000E+00
19.600 0.397E-06 0.000E+00
19.700 0.387E-06 0.000E+00
19.800 0.385E-06 0.000E+00
19.900 0.383E-06 0.000E+00
20.000 0.380E-06 0.000E+00
20.100 0.372E-06 0.000E+00
20.200 0.364E-06 0.000E+00
20.300 0.357E-06 0.000E+00
20.400 0.347E-06 0.000E+00
20.500 0.337E-06 0.000E+00
20.600 0.330E-06 0.000E+00
20.700 0.322E-06 0.000E+00
20.800 0.299E-06 0.000E+00
20.900 0.287E-06 0.000E+00
21.000 0.284E-06 0.000E+00
21.100 0.270E-06 0.000E+00
21.200 0.267E-06 0.000E+00
21.300 0.263E-06 0.000E+00
21.400 0.259E-06 0.000E+00
21.500 0.259E-06 0.000E+00
21.600 0.258E-06 0.000E+00
21.700 0.257E-06 0.000E+00
21.800 0.259E-06 0.000E+00
21.900 0.260E-06 0.000E+00
22.000 0.263E-06 0.000E+00
22.100 0.263E-06 0.000E+00
22.200 0.261E-06 0.000E+00
22.300 0.265E-06 0.000E+00
22.400 0.265E-06 0.000E+00
22.500 0.274E-06 0.000E+00
22.600 0.275E-06 0.000E+00
22.700 0.277E-06 0.000E+00
22.800 0.278E-06 0.000E+00
22.900 0.278E-06 0.000E+00
23.000 0.277E-06 0.000E+00
23.100 0.278E-06 0.000E+00
23.200 0.256E-06 0.000E+00
23.300 0.255E-06 0.000E+00
23.400 0.230E-06 0.000E+00
23.500 0.217E-06 0.000E+00
23.600 0.204E-06 0.000E+00
23.700 0.179E-06 0.000E+00
23.800 0.171E-06 0.000E+00
23.900 0.165E-06 0.000E+00
24.000 0.163E-06 0.000E+00
24.100 0.162E-06 0.000E+00
24.200 0.166E-06 0.000E+00
24.300 0.171E-06 0.000E+00
24.400 0.175E-06 0.000E+00
24.500 0.184E-06 0.000E+00
24.600 0.209E-06 0.000E+00
24.700 0.215E-06 0.000E+00
24.800 0.228E-06 0.000E+00
24.900 0.232E-06 0.000E+00
25.000 0.233E-06 0.000E+00
25.100 0.223E-06 0.000E+00
25.200 0.211E-06 0.000E+00
8.900 0.797E-07 0.292E-07
9.000 0.820E-07 0.289E-07
9.100 0.870E-07 0.286E-07
9.200 0.922E-07 0.283E-07
9.300 0.830E-07 0.280E-07
9.400 0.872E-07 0.277E-07
9.500 0.986E-07 0.274E-07
9.600 0.107E-06 0.271E-07
9.700 0.111E-06 0.268E-07
9.800 0.102E-06 0.271E-07
9.900 0.127E-06 0.267E-07
10.000 0.138E-06 0.264E-07
10.100 0.187E-06 0.263E-07
10.200 0.162E-06 0.257E-07
10.300 0.170E-06 0.258E-07
10.400 0.190E-06 0.256E-07
10.500 0.216E-06 0.252E-07
10.600 0.221E-06 0.263E-07
10.700 0.241E-06 0.276E-07
10.800 0.262E-06 0.321E-07
10.900 0.267E-06 0.339E-07
11.000 0.308E-06 0.434E-07
11.100 0.309E-06 0.424E-07
11.200 0.336E-06 0.421E-07
11.300 0.350E-06 0.425E-07
11.400 0.356E-06 0.426E-07
11.500 0.370E-06 0.430E-07
11.600 0.394E-06 0.416E-07
11.700 0.430E-06 0.457E-07
11.800 0.456E-06 0.407E-07
11.900 0.466E-06 0.355E-07
12.000 0.506E-06 0.343E-07
12.100 0.514E-06 0.376E-07
12.200 0.554E-06 0.440E-07
12.300 0.562E-06 0.451E-07
12.400 0.617E-06 0.460E-07
12.500 0.634E-06 0.450E-07
12.600 0.716E-06 0.384E-07
12.700 0.710E-06 0.422E-07
12.800 0.793E-06 0.447E-07
12.900 0.800E-06 0.547E-07
13.000 0.787E-06 0.550E-07
13.100 0.900E-06 0.524E-07
13.200 0.907E-06 0.554E-07
13.300 0.952E-06 0.436E-07
13.400 0.971E-06 0.419E-07
13.500 0.100E-05 0.462E-07
13.600 0.105E-05 0.461E-07
13.700 0.111E-05 0.498E-07
13.800 0.117E-05 0.473E-07
13.900 0.118E-05 0.509E-07
14.000 0.120E-05 0.417E-07
14.100 0.130E-05 0.378E-07
14.200 0.125E-05 0.357E-07
14.300 0.143E-05 0.399E-07
14.400 0.137E-05 0.434E-07
14.500 0.137E-05 0.433E-07
14.600 0.142E-05 0.469E-07
14.700 0.148E-05 0.500E-07
14.800 0.149E-05 0.547E-07
14.900 0.150E-05 0.455E-07
15.000 0.151E-05 0.449E-07
15.100 0.156E-05 0.503E-07
15.200 0.150E-05 0.543E-07
15.300 0.149E-05 0.519E-07
15.400 0.152E-05 0.497E-07
15.500 0.142E-05 0.468E-07
15.600 0.142E-05 0.350E-07
15.700 0.137E-05 0.325E-07
15.800 0.131E-05 0.362E-07
15.900 0.127E-05 0.352E-07
16.000 0.127E-05 0.332E-07
16.100 0.117E-05 0.267E-07
16.200 0.122E-05 0.296E-07
16.300 0.118E-05 0.237E-07
16.400 0.116E-05 0.260E-07
16.500 0.110E-05 0.277E-07
16.600 0.103E-05 0.307E-07
16.700 0.992E-06 0.243E-07
16.800 0.996E-06 0.250E-07
16.900 0.955E-06 0.231E-07
17.000 0.918E-06 0.225E-07
17.100 0.852E-06 0.198E-07
17.200 0.812E-06 0.225E-07
17.300 0.837E-06 0.220E-07
17.400 0.713E-06 0.204E-07
17.500 0.699E-06 0.173E-07
17.600 0.729E-06 0.214E-07
17.700 0.637E-06 0.212E-07
17.800 0.633E-06 0.215E-07
17.900 0.591E-06 0.212E-07
18.000 0.612E-06 0.213E-07
18.100 0.628E-06 0.234E-07
18.200 0.591E-06 0.226E-07
18.300 0.521E-06 0.150E-07
18.400 0.580E-06 0.231E-07
18.500 0.563E-06 0.211E-07
18.600 0.555E-06 0.206E-07
18.700 0.584E-06 0.208E-07
18.800 0.446E-06 0.256E-07
18.900 0.419E-06 0.276E-07
19.000 0.398E-06 0.208E-07
19.100 0.419E-06 0.209E-07
19.200 0.391E-06 0.261E-07
19.300 0.454E-06 0.233E-07
19.400 0.387E-06 0.238E-07
19.500 0.389E-06 0.230E-07
19.600 0.415E-06 0.269E-07
19.700 0.394E-06 0.268E-07
19.800 0.392E-06 0.268E-07
19.900 0.343E-06 0.326E-07
20.000 0.433E-06 0.239E-07
20.100 0.391E-06 0.265E-07
20.200 0.428E-06 0.277E-07
20.300 0.350E-06 0.274E-07
20.400 0.377E-06 0.277E-07
20.500 0.427E-06 0.271E-07
20.600 0.325E-06 0.252E-07
20.700 0.247E-06 0.323E-07
20.800 0.318E-06 0.309E-07
20.900 0.265E-06 0.317E-07
21.000 0.333E-06 0.316E-07
21.100 0.283E-06 0.267E-07
21.200 0.311E-06 0.285E-07
21.300 0.295E-06 0.315E-07
21.400 0.189E-06 0.323E-07
21.500 0.253E-06 0.310E-07
21.600 0.340E-06 0.330E-07
21.700 0.234E-06 0.335E-07
21.800 0.192E-06 0.382E-07
21.900 0.307E-06 0.332E-07
22.000 0.322E-06 0.373E-07
22.100 0.284E-06 0.357E-07
22.200 0.235E-06 0.346E-07
22.300 0.220E-06 0.363E-07
22.400 0.259E-06 0.357E-07
22.500 0.279E-06 0.309E-07
22.600 0.303E-06 0.388E-07
22.700 0.301E-06 0.357E-07
22.800 0.239E-06 0.322E-07
22.900 0.298E-06 0.383E-07
23.000 0.265E-06 0.343E-07
23.100 0.335E-06 0.333E-07
23.200 0.320E-06 0.365E-07
23.300 0.312E-06 0.372E-07
23.400 0.292E-06 0.343E-07
23.500 0.253E-06 0.339E-07
23.600 0.312E-06 0.351E-07
23.700 0.288E-06 0.297E-07
23.800 0.193E-06 0.341E-07
23.900 0.130E-06 0.307E-07
24.000 0.179E-06 0.317E-07
24.100 0.160E-06 0.329E-07
24.200 0.202E-06 0.366E-07
24.300 0.110E-06 0.334E-07
24.400 0.190E-06 0.387E-07
24.500 0.204E-06 0.386E-07
24.600 0.205E-06 0.297E-07
24.700 0.213E-06 0.269E-07
24.800 0.261E-06 0.279E-07
24.900 0.259E-06 0.254E-07
25.000 0.230E-06 0.294E-07
25.100 0.212E-06 0.302E-07
25.200 0.212E-06 0.304E-07
8.880 0.152E-06 0.922E-08
9.010 0.159E-06 0.782E-08
9.180 0.152E-06 0.754E-08
9.490 0.168E-06 0.833E-08
9.530 0.196E-06 0.140E-07
9.830 0.199E-06 0.945E-08
10.200 0.246E-06 0.138E-07
10.740 0.291E-06 0.155E-07
11.000 0.336E-06 0.177E-07
11.520 0.383E-06 0.199E-07
11.940 0.490E-06 0.251E-07
