9.252 0.145E-06 0.5E-07
9.407 0.184E-06 0.5E-07
9.717 0.208E-06 0.5E-07
10.026 0.213E-06 0.5E-07
10.336 0.251E-06 0.5E-07
10.646 0.277E-06 0.5E-07
10.801 0.293E-06 0.5E-07
10.955 0.303E-06 0.5E-07
11.110 0.326E-06 0.5E-07
11.265 0.359E-06 0.5E-07
11.420 0.384E-06 0.5E-07
11.575 0.433E-06 0.5E-07
11.730 0.441E-06 0.5E-07
11.885 0.486E-06 0.5E-07
12.039 0.513E-06 0.5E-07
12.194 0.540E-06 0.5E-07
12.349 0.581E-06 0.5E-07
12.504 0.649E-06 0.5E-07
12.659 0.684E-06 0.5E-07
12.814 0.772E-06 0.5E-07
12.969 0.782E-06 0.5E-07
13.123 0.859E-06 0.5E-07
13.278 0.934E-06 0.5E-07
13.433 0.994E-06 0.5E-07
13.588 0.101E-05 0.5E-07
13.743 0.112E-05 0.5E-07
13.898 0.121E-05 0.5E-07
14.053 0.123E-05 0.5E-07
14.207 0.139E-05 0.5E-07
14.362 0.144E-05 0.5E-07
14.517 0.152E-05 0.5E-07
14.672 0.156E-05 0.5E-07
14.827 0.158E-05 0.5E-07
14.982 0.161E-05 0.5E-07
15.136 0.160E-05 0.5E-07
15.291 0.160E-05 0.5E-07
15.446 0.157E-05 0.5E-07
15.601 0.155E-05 0.5E-07
15.756 0.150E-05 0.5E-07
15.911 0.146E-05 0.5E-07
15.988 0.142E-05 0.5E-07
16.066 0.138E-05 0.5E-07
16.220 0.132E-05 0.5E-07
16.375 0.125E-05 0.5E-07
16.530 0.120E-05 0.5E-07
16.685 0.118E-05 0.5E-07
16.840 0.114E-05 0.5E-07
16.995 0.103E-05 0.5E-07
17.150 0.986E-06 0.5E-07
17.304 0.977E-06 0.5E-07
17.459 0.904E-06 0.5E-07
17.614 0.852E-06 0.5E-07
17.769 0.796E-06 0.5E-07
17.924 0.769E-06 0.5E-07
18.079 0.744E-06 0.5E-07
18.233 0.718E-06 0.5E-07
18.388 0.679E-06 0.5E-07
18.543 0.650E-06 0.5E-07
18.698 0.603E-06 0.5E-07
18.853 0.589E-06 0.5E-07
19.008 0.557E-06 0.5E-07
19.085 0.573E-06 0.5E-07
19.163 0.575E-06 0.5E-07
19.240 0.555E-06 0.5E-07
19.317 0.552E-06 0.5E-07
19.395 0.496E-06 0.5E-07
19.472 0.579E-06 0.5E-07
19.627 0.499E-06 0.5E-07
19.782 0.452E-06 0.5E-07
19.937 0.452E-06 0.5E-07
20.092 0.387E-06 0.5E-07
20.247 0.414E-06 0.5E-07
20.401 0.372E-06 0.5E-07
20.556 0.310E-06 0.5E-07
20.711 0.357E-06 0.5E-07
20.866 0.361E-06 0.5E-07
21.021 0.268E-06 0.5E-07
21.176 0.336E-06 0.5E-07
21.330 0.315E-06 0.5E-07
21.485 0.312E-06 0.5E-07
21.563 0.354E-06 0.5E-07
21.640 0.319E-06 0.5E-07
21.718 0.329E-06 0.5E-07
21.795 0.353E-06 0.5E-07
21.872 0.328E-06 0.5E-07
21.950 0.322E-06 0.5E-07
22.027 0.283E-06 0.5E-07
22.105 0.273E-06 0.5E-07
22.260 0.323E-06 0.5E-07
22.414 0.330E-06 0.5E-07
22.569 0.263E-06 0.5E-07
22.724 0.294E-06 0.5E-07
22.879 0.249E-06 0.5E-07
23.034 0.208E-06 0.5E-07
23.189 0.287E-06 0.5E-07
23.344 0.291E-06 0.5E-07
23.498 0.197E-06 0.5E-07
23.653 0.223E-06 0.5E-07
23.808 0.250E-06 0.5E-07
23.963 0.237E-06 0.5E-07
24.118 0.167E-06 0.5E-07
24.273 0.215E-06 0.5E-07
24.427 0.179E-06 0.5E-07
24.582 0.202E-06 0.5E-07
24.737 0.228E-06 0.5E-07
24.892 0.209E-06 0.5E-07
25.047 0.228E-06 0.5E-07
25.202 0.180E-06 0.5E-07
25.357 0.138E-06 0.5E-07
25.511 0.135E-06 0.5E-07
25.666 0.970E-07 0.5E-07
25.821 0.119E-06 0.5E-07
26.131 0.933E-07 0.5E-07
26.286 0.100E-06 0.5E-07
9.180 0.116E-06 0.5E-07
9.310 0.132E-06 0.5E-07
9.450 0.269E-06 0.5E-07
9.590 0.207E-06 0.5E-07
9.720 0.166E-06 0.5E-07
9.860 0.243E-06 0.5E-07
9.990 0.234E-06 0.5E-07
10.130 0.176E-06 0.5E-07
10.270 0.264E-06 0.5E-07
10.400 0.287E-06 0.5E-07
10.540 0.234E-06 0.5E-07
10.680 0.266E-06 0.5E-07
10.810 0.307E-06 0.5E-07
10.950 0.311E-06 0.5E-07
11.080 0.323E-06 0.5E-07
11.220 0.431E-06 0.5E-07
11.360 0.410E-06 0.5E-07
11.490 0.466E-06 0.5E-07
11.630 0.475E-06 0.5E-07
11.770 0.522E-06 0.5E-07
11.900 0.557E-06 0.5E-07
12.040 0.593E-06 0.5E-07
12.170 0.626E-06 0.5E-07
12.310 0.654E-06 0.5E-07
12.450 0.672E-06 0.5E-07
12.580 0.703E-06 0.5E-07
12.720 0.784E-06 0.5E-07
12.850 0.850E-06 0.5E-07
12.990 0.861E-06 0.5E-07
13.130 0.938E-06 0.5E-07
13.260 0.975E-06 0.5E-07
13.400 0.106E-05 0.5E-07
13.540 0.112E-05 0.5E-07
13.670 0.115E-05 0.5E-07
13.810 0.125E-05 0.5E-07
13.940 0.134E-05 0.5E-07
14.080 0.136E-05 0.5E-07
14.220 0.145E-05 0.5E-07
14.350 0.155E-05 0.5E-07
14.490 0.157E-05 0.5E-07
14.630 0.156E-05 0.5E-07
14.760 0.160E-05 0.5E-07
14.900 0.167E-05 0.5E-07
15.030 0.165E-05 0.5E-07
15.170 0.162E-05 0.5E-07
15.310 0.160E-05 0.5E-07
15.440 0.160E-05 0.5E-07
15.580 0.152E-05 0.5E-07
15.710 0.151E-05 0.5E-07
15.850 0.150E-05 0.5E-07
15.990 0.144E-05 0.5E-07
16.120 0.137E-05 0.5E-07
16.260 0.137E-05 0.5E-07
16.400 0.130E-05 0.5E-07
16.530 0.122E-05 0.5E-07
16.670 0.121E-05 0.5E-07
16.800 0.112E-05 0.5E-07
16.940 0.111E-05 0.5E-07
17.080 0.106E-05 0.5E-07
17.210 0.101E-05 0.5E-07
17.350 0.955E-06 0.5E-07
17.490 0.917E-06 0.5E-07
17.620 0.847E-06 0.5E-07
17.760 0.811E-06 0.5E-07
17.890 0.781E-06 0.5E-07
18.030 0.789E-06 0.5E-07
18.170 0.740E-06 0.5E-07
18.300 0.687E-06 0.5E-07
18.440 0.677E-06 0.5E-07
18.580 0.621E-06 0.5E-07
18.710 0.575E-06 0.5E-07
18.850 0.561E-06 0.5E-07
18.980 0.521E-06 0.5E-07
19.120 0.535E-06 0.5E-07
19.260 0.482E-06 0.5E-07
19.390 0.519E-06 0.5E-07
19.530 0.471E-06 0.5E-07
19.660 0.428E-06 0.5E-07
19.800 0.435E-06 0.5E-07
19.940 0.439E-06 0.5E-07
20.070 0.404E-06 0.5E-07
20.210 0.408E-06 0.5E-07
20.350 0.370E-06 0.5E-07
20.480 0.356E-06 0.5E-07
20.620 0.371E-06 0.5E-07
20.750 0.319E-06 0.5E-07
20.890 0.327E-06 0.5E-07
21.030 0.280E-06 0.5E-07
21.160 0.293E-06 0.5E-07
21.300 0.329E-06 0.5E-07
21.440 0.297E-06 0.5E-07
21.570 0.280E-06 0.5E-07
21.710 0.280E-06 0.5E-07
21.840 0.286E-06 0.5E-07
22.120 0.256E-06 0.5E-07
22.390 0.237E-06 0.5E-07
9.200 0.196E-06 0.5E-07
9.300 0.223E-06 0.5E-07
9.400 0.236E-06 0.5E-07
9.500 0.247E-06 0.5E-07
9.600 0.215E-06 0.5E-07
9.700 0.224E-06 0.5E-07
9.800 0.303E-06 0.5E-07
9.900 0.263E-06 0.5E-07
10.000 0.356E-06 0.5E-07
10.100 0.261E-06 0.5E-07
10.200 0.203E-06 0.5E-07
10.300 0.288E-06 0.5E-07
10.400 0.428E-06 0.5E-07
10.500 0.363E-06 0.5E-07
10.600 0.335E-06 0.5E-07
10.700 0.420E-06 0.5E-07
10.800 0.467E-06 0.5E-07
10.900 0.353E-06 0.5E-07
11.000 0.449E-06 0.5E-07
11.100 0.399E-06 0.5E-07
11.200 0.344E-06 0.5E-07
11.300 0.551E-06 0.5E-07
11.400 0.514E-06 0.5E-07
11.500 0.387E-06 0.5E-07
11.600 0.576E-06 0.5E-07
11.700 0.710E-06 0.5E-07
11.800 0.628E-06 0.5E-07
11.900 0.758E-06 0.5E-07
12.000 0.626E-06 0.5E-07
12.100 0.683E-06 0.5E-07
12.200 0.761E-06 0.5E-07
12.300 0.657E-06 0.5E-07
12.400 0.755E-06 0.5E-07
12.500 0.652E-06 0.5E-07
12.600 0.929E-06 0.5E-07
12.700 0.710E-06 0.5E-07
12.800 0.915E-06 0.5E-07
12.900 0.982E-06 0.5E-07
13.000 0.947E-06 0.5E-07
13.100 0.973E-06 0.5E-07
13.200 0.979E-06 0.5E-07
13.300 0.118E-05 0.5E-07
13.400 0.123E-05 0.5E-07
13.500 0.127E-05 0.5E-07
13.600 0.138E-05 0.5E-07
13.700 0.139E-05 0.5E-07
13.800 0.140E-05 0.5E-07
13.900 0.146E-05 0.5E-07
14.000 0.138E-05 0.5E-07
14.100 0.146E-05 0.5E-07
14.200 0.156E-05 0.5E-07
14.300 0.140E-05 0.5E-07
14.400 0.161E-05 0.5E-07
14.500 0.163E-05 0.5E-07
14.600 0.176E-05 0.5E-07
14.700 0.158E-05 0.5E-07
14.800 0.154E-05 0.5E-07
14.900 0.173E-05 0.5E-07
15.000 0.156E-05 0.5E-07
15.100 0.172E-05 0.5E-07
15.200 0.157E-05 0.5E-07
15.300 0.142E-05 0.5E-07
15.400 0.148E-05 0.5E-07
15.500 0.156E-05 0.5E-07
15.600 0.148E-05 0.5E-07
15.700 0.156E-05 0.5E-07
15.800 0.142E-05 0.5E-07
15.900 0.146E-05 0.5E-07
16.000 0.158E-05 0.5E-07
16.100 0.147E-05 0.5E-07
16.200 0.138E-05 0.5E-07
16.300 0.133E-05 0.5E-07
16.400 0.130E-05 0.5E-07
16.500 0.128E-05 0.5E-07
16.600 0.125E-05 0.5E-07
16.700 0.122E-05 0.5E-07
16.800 0.118E-05 0.5E-07
16.900 0.114E-05 0.5E-07
17.000 0.111E-05 0.5E-07
17.100 0.108E-05 0.5E-07
17.200 0.103E-05 0.5E-07
17.300 0.102E-05 0.5E-07
17.400 0.982E-06 0.5E-07
17.500 0.947E-06 0.5E-07
17.600 0.912E-06 0.5E-07
17.700 0.877E-06 0.5E-07
17.800 0.858E-06 0.5E-07
17.900 0.819E-06 0.5E-07
18.000 0.781E-06 0.5E-07
18.100 0.776E-06 0.5E-07
18.200 0.743E-06 0.5E-07
18.300 0.711E-06 0.5E-07
18.400 0.693E-06 0.5E-07
18.500 0.675E-06 0.5E-07
18.600 0.644E-06 0.5E-07
18.700 0.631E-06 0.5E-07
18.800 0.600E-06 0.5E-07
18.900 0.574E-06 0.5E-07
19.000 0.548E-06 0.5E-07
19.100 0.586E-06 0.5E-07
19.200 0.501E-06 0.5E-07
19.300 0.494E-06 0.5E-07
19.400 0.487E-06 0.5E-07
19.500 0.471E-06 0.5E-07
19.600 0.460E-06 0.5E-07
19.700 0.453E-06 0.5E-07
19.800 0.442E-06 0.5E-07
19.900 0.432E-06 0.5E-07
20.000 0.408E-06 0.5E-07
20.100 0.398E-06 0.5E-07
20.200 0.382E-06 0.5E-07
20.300 0.354E-06 0.5E-07
20.400 0.334E-06 0.5E-07
20.500 0.329E-06 0.5E-07
20.600 0.302E-06 0.5E-07
20.700 0.293E-06 0.5E-07
20.800 0.278E-06 0.5E-07
20.900 0.270E-06 0.5E-07
21.000 0.254E-06 0.5E-07
21.100 0.246E-06 0.5E-07
21.200 0.240E-06 0.5E-07
21.300 0.237E-06 0.5E-07
21.400 0.229E-06 0.5E-07
21.500 0.223E-06 0.5E-07
21.600 0.220E-06 0.5E-07
21.700 0.215E-06 0.5E-07
21.800 0.212E-06 0.5E-07
21.900 0.206E-06 0.5E-07
22.000 0.202E-06 0.5E-07
22.100 0.197E-06 0.5E-07
22.200 0.194E-06 0.5E-07
22.300 0.193E-06 0.5E-07
22.400 0.185E-06 0.5E-07
22.500 0.178E-06 0.5E-07
22.600 0.175E-06 0.5E-07
22.700 0.173E-06 0.5E-07
22.800 0.169E-06 0.5E-07
22.900 0.170E-06 0.5E-07
23.000 0.174E-06 0.5E-07
23.100 0.174E-06 0.5E-07
23.200 0.178E-06 0.5E-07
23.300 0.178E-06 0.5E-07
23.400 0.183E-06 0.5E-07
23.500 0.186E-06 0.5E-07
23.600 0.189E-06 0.5E-07
23.700 0.190E-06 0.5E-07
23.800 0.193E-06 0.5E-07
23.900 0.199E-06 0.5E-07
24.000 0.198E-06 0.5E-07
24.100 0.194E-06 0.5E-07
24.200 0.192E-06 0.5E-07
24.300 0.189E-06 0.5E-07
24.400 0.182E-06 0.5E-07
24.500 0.175E-06 0.5E-07
24.600 0.163E-06 0.5E-07
24.700 0.158E-06 0.5E-07
24.800 0.155E-06 0.5E-07
24.900 0.152E-06 0.5E-07
25.000 0.148E-06 0.5E-07
25.100 0.144E-06 0.5E-07
25.200 0.141E-06 0.5E-07
25.300 0.139E-06 0.5E-07
25.400 0.137E-06 0.5E-07
25.500 0.134E-06 0.5E-07
25.600 0.137E-06 0.5E-07
25.700 0.138E-06 0.5E-07
25.800 0.138E-06 0.5E-07
25.900 0.146E-06 0.5E-07
26.000 0.148E-06 0.5E-07
26.100 0.152E-06 0.5E-07
26.200 0.168E-06 0.5E-07
26.300 0.172E-06 0.5E-07
9.200 0.125E-06 0.5E-07
9.300 0.159E-06 0.5E-07
9.400 0.189E-06 0.5E-07
9.500 0.199E-06 0.5E-07
9.600 0.201E-06 0.5E-07
9.700 0.206E-06 0.5E-07
9.800 0.214E-06 0.5E-07
9.900 0.216E-06 0.5E-07
10.000 0.218E-06 0.5E-07
10.100 0.222E-06 0.5E-07
10.200 0.232E-06 0.5E-07
10.300 0.248E-06 0.5E-07
10.400 0.263E-06 0.5E-07
10.500 0.268E-06 0.5E-07
10.600 0.273E-06 0.5E-07
10.700 0.288E-06 0.5E-07
10.800 0.304E-06 0.5E-07
10.900 0.304E-06 0.5E-07
11.000 0.325E-06 0.5E-07
11.100 0.328E-06 0.5E-07
11.200 0.353E-06 0.5E-07
11.300 0.381E-06 0.5E-07
11.400 0.393E-06 0.5E-07
11.500 0.416E-06 0.5E-07
11.600 0.444E-06 0.5E-07
11.700 0.463E-06 0.5E-07
11.800 0.481E-06 0.5E-07
11.900 0.513E-06 0.5E-07
12.000 0.523E-06 0.5E-07
12.100 0.543E-06 0.5E-07
12.200 0.566E-06 0.5E-07
12.300 0.586E-06 0.5E-07
12.400 0.620E-06 0.5E-07
12.500 0.655E-06 0.5E-07
12.600 0.709E-06 0.5E-07
12.700 0.724E-06 0.5E-07
12.800 0.786E-06 0.5E-07
12.900 0.807E-06 0.5E-07
13.000 0.821E-06 0.5E-07
13.100 0.874E-06 0.5E-07
13.200 0.913E-06 0.5E-07
13.300 0.965E-06 0.5E-07
13.400 0.101E-05 0.5E-07
13.500 0.105E-05 0.5E-07
13.600 0.107E-05 0.5E-07
13.700 0.113E-05 0.5E-07
13.800 0.120E-05 0.5E-07
13.900 0.126E-05 0.5E-07
14.000 0.128E-05 0.5E-07
14.100 0.132E-05 0.5E-07
14.200 0.140E-05 0.5E-07
14.300 0.144E-05 0.5E-07
14.400 0.149E-05 0.5E-07
14.500 0.153E-05 0.5E-07
14.600 0.155E-05 0.5E-07
14.700 0.157E-05 0.5E-07
14.800 0.159E-05 0.5E-07
14.900 0.162E-05 0.5E-07
15.000 0.162E-05 0.5E-07
15.100 0.162E-05 0.5E-07
15.200 0.160E-05 0.5E-07
15.300 0.159E-05 0.5E-07
15.400 0.158E-05 0.5E-07
15.500 0.157E-05 0.5E-07
15.600 0.155E-05 0.5E-07
15.700 0.153E-05 0.5E-07
15.800 0.150E-05 0.5E-07
15.900 0.147E-05 0.5E-07
16.000 0.143E-05 0.5E-07
16.100 0.137E-05 0.5E-07
16.200 0.133E-05 0.5E-07
16.300 0.128E-05 0.5E-07
16.400 0.124E-05 0.5E-07
16.500 0.120E-05 0.5E-07
16.600 0.117E-05 0.5E-07
16.700 0.113E-05 0.5E-07
16.800 0.108E-05 0.5E-07
16.900 0.104E-05 0.5E-07
17.000 0.990E-06 0.5E-07
17.100 0.959E-06 0.5E-07
17.200 0.928E-06 0.5E-07
17.300 0.902E-06 0.5E-07
17.400 0.862E-06 0.5E-07
17.500 0.848E-06 0.5E-07
17.600 0.793E-06 0.5E-07
17.700 0.755E-06 0.5E-07
17.800 0.736E-06 0.5E-07
17.900 0.727E-06 0.5E-07
18.000 0.718E-06 0.5E-07
18.100 0.700E-06 0.5E-07
18.200 0.662E-06 0.5E-07
18.300 0.640E-06 0.5E-07
18.400 0.627E-06 0.5E-07
18.500 0.610E-06 0.5E-07
18.600 0.578E-06 0.5E-07
18.700 0.557E-06 0.5E-07
18.800 0.540E-06 0.5E-07
18.900 0.528E-06 0.5E-07
19.000 0.502E-06 0.5E-07
19.100 0.509E-06 0.5E-07
19.200 0.501E-06 0.5E-07
19.300 0.499E-06 0.5E-07
19.400 0.465E-06 0.5E-07
19.500 0.480E-06 0.5E-07
19.600 0.447E-06 0.5E-07
19.700 0.417E-06 0.5E-07
19.800 0.419E-06 0.5E-07
19.900 0.388E-06 0.5E-07
20.000 0.389E-06 0.5E-07
20.100 0.373E-06 0.5E-07
20.200 0.373E-06 0.5E-07
20.300 0.361E-06 0.5E-07
20.400 0.344E-06 0.5E-07
20.500 0.326E-06 0.5E-07
20.600 0.314E-06 0.5E-07
20.700 0.321E-06 0.5E-07
20.800 0.324E-06 0.5E-07
20.900 0.303E-06 0.5E-07
21.000 0.278E-06 0.5E-07
21.100 0.273E-06 0.5E-07
21.200 0.288E-06 0.5E-07
21.300 0.296E-06 0.5E-07
21.400 0.263E-06 0.5E-07
21.500 0.283E-06 0.5E-07
21.600 0.282E-06 0.5E-07
21.700 0.268E-06 0.5E-07
21.800 0.295E-06 0.5E-07
21.900 0.282E-06 0.5E-07
22.000 0.239E-06 0.5E-07
22.100 0.238E-06 0.5E-07
22.200 0.238E-06 0.5E-07
22.300 0.242E-06 0.5E-07
22.400 0.249E-06 0.5E-07
22.500 0.234E-06 0.5E-07
22.600 0.231E-06 0.5E-07
22.700 0.225E-06 0.5E-07
22.800 0.217E-06 0.5E-07
22.900 0.187E-06 0.5E-07
23.000 0.209E-06 0.5E-07
23.100 0.205E-06 0.5E-07
23.200 0.221E-06 0.5E-07
23.300 0.218E-06 0.5E-07
23.400 0.199E-06 0.5E-07
23.500 0.193E-06 0.5E-07
23.600 0.190E-06 0.5E-07
23.700 0.188E-06 0.5E-07
23.800 0.187E-06 0.5E-07
23.900 0.190E-06 0.5E-07
24.000 0.161E-06 0.5E-07
24.100 0.158E-06 0.5E-07
24.200 0.204E-06 0.5E-07
24.300 0.175E-06 0.5E-07
24.400 0.156E-06 0.5E-07
24.500 0.169E-06 0.5E-07
24.600 0.146E-06 0.5E-07
24.700 0.178E-06 0.5E-07
24.800 0.160E-06 0.5E-07
24.900 0.167E-06 0.5E-07
25.000 0.164E-06 0.5E-07
25.100 0.169E-06 0.5E-07
25.200 0.146E-06 0.5E-07
25.300 0.163E-06 0.5E-07
25.400 0.125E-06 0.5E-07
25.500 0.137E-06 0.5E-07
25.600 0.102E-06 0.5E-07
25.700 0.125E-06 0.5E-07
25.800 0.107E-06 0.5E-07
25.900 0.135E-06 0.5E-07
26.000 0.145E-06 0.5E-07
26.100 0.170E-06 0.5E-07
26.200 0.127E-06 0.5E-07
26.300 0.136E-06 0.5E-07
9.150 0.112E-06 0.5E-07
9.300 0.183E-06 0.5E-07
9.590 0.194E-06 0.5E-07
9.610 0.196E-06 0.5E-07
9.910 0.191E-06 0.5E-07
10.260 0.212E-06 0.5E-07
10.770 0.269E-06 0.5E-07
11.040 0.308E-06 0.5E-07
11.550 0.404E-06 0.5E-07
11.960 0.481E-06 0.5E-07
4.900 6.036E-09 0.5E-07
5.100 1.917E-08 0.5E-07
5.300 3.366E-08 0.5E-07
5.500 4.990E-08 0.5E-07
5.700 5.375E-08 0.5E-07
5.900 7.028E-08 0.5E-07
6.100 7.557E-08 0.5E-07
6.300 1.022E-07 0.5E-07
6.500 1.304E-07 0.5E-07
6.700 1.142E-07 0.5E-07
6.900 1.255E-07 0.5E-07
7.100 1.452E-07 0.5E-07
7.300 1.499E-07 0.5E-07
7.500 1.445E-07 0.5E-07
7.700 1.601E-07 0.5E-07
7.900 1.890E-07 0.5E-07
8.100 2.089E-07 0.5E-07
8.300 2.161E-07 0.5E-07
8.500 1.857E-07 0.5E-07
8.700 1.755E-07 0.5E-07
8.900 1.726E-07 0.5E-07
9.100 1.586E-07 0.5E-07
9.300 1.780E-07 0.5E-07
9.500 2.027E-07 0.5E-07
9.700 2.107E-07 0.5E-07
9.900 2.174E-07 0.5E-07
10.100 2.255E-07 0.5E-07
10.300 2.372E-07 0.5E-07
10.500 2.565E-07 0.5E-07
10.700 2.820E-07 0.5E-07
10.900 3.117E-07 0.5E-07
11.100 3.454E-07 0.5E-07
11.300 3.812E-07 0.5E-07
11.500 4.196E-07 0.5E-07
11.700 4.596E-07 0.5E-07
11.900 5.018E-07 0.5E-07
12.100 5.510E-07 0.5E-07
12.300 6.044E-07 0.5E-07
12.500 6.652E-07 0.5E-07
12.700 7.320E-07 0.5E-07
13.000 8.024E-07 0.5E-07
13.400 9.716E-07 0.5E-07
13.800 1.135E-06 0.5E-07
14.200 1.280E-06 0.5E-07
14.600 1.413E-06 0.5E-07
15.000 1.487E-06 0.5E-07
15.400 1.420E-06 0.5E-07
15.800 1.232E-06 0.5E-07
16.200 1.030E-06 0.5E-07
16.600 8.680E-07 0.5E-07
17.000 6.983E-07 0.5E-07
17.400 5.995E-07 0.5E-07
17.800 4.585E-07 0.5E-07
18.200 3.870E-07 0.5E-07
18.600 3.703E-07 0.5E-07
19.000 2.959E-07 0.5E-07
19.400 2.827E-07 0.5E-07
4.900 6.036E-09 0.5E-07
5.100 1.917E-08 0.5E-07
5.300 3.366E-08 0.5E-07
5.500 4.924E-08 0.5E-07
5.700 5.084E-08 0.5E-07
5.900 6.671E-08 0.5E-07
6.100 7.236E-08 0.5E-07
6.300 9.931E-08 0.5E-07
6.500 1.280E-07 0.5E-07
6.700 1.107E-07 0.5E-07
6.900 1.205E-07 0.5E-07
7.100 1.388E-07 0.5E-07
7.300 1.441E-07 0.5E-07
7.500 1.375E-07 0.5E-07
7.700 1.526E-07 0.5E-07
7.900 1.812E-07 0.5E-07
8.100 2.025E-07 0.5E-07
8.300 2.089E-07 0.5E-07
8.500 1.743E-07 0.5E-07
8.700 1.606E-07 0.5E-07
8.900 1.551E-07 0.5E-07
9.100 1.374E-07 0.5E-07
9.300 1.637E-07 0.5E-07
9.500 1.922E-07 0.5E-07
9.700 2.016E-07 0.5E-07
9.900 2.058E-07 0.5E-07
10.100 2.126E-07 0.5E-07
10.300 2.256E-07 0.5E-07
10.500 2.457E-07 0.5E-07
10.700 2.720E-07 0.5E-07
10.900 3.033E-07 0.5E-07
11.100 3.378E-07 0.5E-07
11.300 3.745E-07 0.5E-07
11.500 4.127E-07 0.5E-07
11.700 4.529E-07 0.5E-07
11.900 4.965E-07 0.5E-07
12.100 5.449E-07 0.5E-07
12.300 6.000E-07 0.5E-07
12.500 6.623E-07 0.5E-07
12.700 7.313E-07 0.5E-07
13.000 8.024E-07 0.5E-07
13.400 9.716E-07 0.5E-07
13.800 1.135E-06 0.5E-07
14.200 1.280E-06 0.5E-07
14.600 1.413E-06 0.5E-07
15.000 1.487E-06 0.5E-07
15.400 1.420E-06 0.5E-07
15.800 1.232E-06 0.5E-07
16.200 1.030E-06 0.5E-07
16.600 8.680E-07 0.5E-07
17.000 6.983E-07 0.5E-07
17.400 5.995E-07 0.5E-07
17.800 4.585E-07 0.5E-07
18.200 3.870E-07 0.5E-07
18.600 3.703E-07 0.5E-07
19.000 2.959E-07 0.5E-07
19.400 2.827E-07 0.5E-07
5.500 6.630E-10 0.5E-07
5.700 2.907E-09 0.5E-07
5.900 3.570E-09 0.5E-07
6.100 3.213E-09 0.5E-07
6.300 2.856E-09 0.5E-07
6.500 2.346E-09 0.5E-07
6.700 3.519E-09 0.5E-07
6.900 4.947E-09 0.5E-07
7.100 6.426E-09 0.5E-07
7.300 5.763E-09 0.5E-07
7.500 6.987E-09 0.5E-07
7.700 7.497E-09 0.5E-07
7.900 7.752E-09 0.5E-07
8.100 6.426E-09 0.5E-07
8.300 7.140E-09 0.5E-07
8.500 1.142E-08 0.5E-07
8.700 1.484E-08 0.5E-07
8.900 1.754E-08 0.5E-07
9.100 2.111E-08 0.5E-07
9.300 1.433E-08 0.5E-07
9.500 1.046E-08 0.5E-07
9.700 9.078E-09 0.5E-07
9.900 1.158E-08 0.5E-07
10.100 1.285E-08 0.5E-07
10.300 1.163E-08 0.5E-07
10.500 1.081E-08 0.5E-07
10.700 9.996E-09 0.5E-07
10.900 8.364E-09 0.5E-07
11.100 7.599E-09 0.5E-07
11.300 6.732E-09 0.5E-07
11.500 6.885E-09 0.5E-07
11.700 6.630E-09 0.5E-07
11.900 5.304E-09 0.5E-07
12.100 6.018E-09 0.5E-07
12.300 4.386E-09 0.5E-07
12.500 2.958E-09 0.5E-07
12.700 7.140E-10 0.5E-07
